0.12105,0.15741,0.24037,0.39366,0.07578,0.31718,0.08601,0.11500,0.12075,-0.19020,0.12769
0.10080,0.18518,0.29696,0.45405,0.09328,0.28618,0.04018,0.10396,0.12520,-0.24167,0.11589
-0.00336,0.17034,0.19062,0.34164,0.03543,0.20339,0.01858,0.00414,0.09422,-0.29996,0.08049
0.02907,0.21719,0.23805,0.44108,0.10382,0.21433,0.09244,0.03231,0.13200,-0.22950,0.08348
0.06197,0.22384,0.30600,0.36561,0.17979,0.21239,0.18562,0.03288,0.19936,-0.16426,0.05553
0.12224,0.25569,0.43201,0.50266,0.27370,0.24382,0.26832,0.08781,0.27768,0.00017,0.02307
0.03379,0.26059,0.36949,0.38418,0.21453,0.22185,0.22974,0.08186,0.18026,-0.02537,0.05110
-0.04343,0.16529,0.27377,0.27889,0.12388,0.20842,0.20535,0.04703,0.15321,-0.07573,0.08496
0.00141,0.17665,0.36731,0.35947,0.17124,0.27783,0.28981,0.13224,0.19051,0.13013,0.12291
0.05823,0.11322,0.48430,0.45784,0.18875,0.32672,0.34029,0.16789,0.24037,0.24533,0.11052
-0.01719,0.04875,0.42330,0.41087,0.13011,0.30174,0.27729,0.07831,0.22402,-0.00312,0.08447
-0.02902,-0.00187,0.30810,0.39511,0.10578,0.21744,0.39223,0.05393,0.14800,-0.09470,0.04517
-0.09956,-0.08096,0.16958,0.28678,0.15113,0.13051,0.21776,-0.03069,0.09016,-0.19381,-0.02464
-0.16653,-0.06666,0.12173,0.26130,0.11952,0.10714,0.10678,-0.07748,0.08778,-0.19227,0.02200
-0.16903,-0.03632,0.17109,0.30697,0.19485,0.11403,0.12229,-0.01272,0.11069,-0.10433,-0.00262
-0.15058,-0.05312,0.13700,0.35669,0.20824,0.09715,0.04192,-0.02531,0.07935,-0.18695,-0.00286
-0.13573,-0.05090,0.11685,0.41058,0.17254,0.12839,0.12669,-0.05082,0.07194,-0.17568,-0.00657
-0.18894,-0.07192,0.08922,0.40346,0.08300,0.09024,0.13077,-0.08691,0.04810,-0.24737,-0.02528
-0.19424,-0.08267,0.04992,0.44418,0.10388,0.05393,0.12238,-0.09673,0.02310,-0.25655,-0.02423
-0.22809,-0.08694,-0.08466,0.40067,0.09788,0.01625,0.06393,-0.12149,0.00783,-0.25030,-0.04624
-0.27494,-0.09786,-0.16399,0.47434,0.03634,-0.01178,0.00019,-0.15909,0.00267,-0.26797,-0.04511
-0.28053,-0.05306,-0.16149,0.47320,-0.00385,-0.01876,-0.00826,-0.14181,0.00554,-0.23648,-0.01011
-0.26401,-0.00035,-0.14654,0.28847,0.04235,0.00266,0.13144,-0.09799,0.03767,-0.14114,0.02835
-0.22885,0.12070,-0.07725,0.31523,0.06182,0.07850,0.28217,-0.03956,0.05335,0.05006,0.14588
-0.11351,0.21156,-0.00283,0.51125,0.04817,0.16340,0.54594,0.09256,0.11770,0.37272,0.20830
-0.02291,0.13577,-0.02122,0.53989,0.07201,0.15896,0.48357,0.21320,0.11035,0.41098,0.10796
0.18237,0.18282,0.03589,0.70869,0.10649,0.21760,0.59360,0.32681,0.15501,0.67755,0.16079
0.31881,0.19742,0.15913,0.84479,0.07776,0.28537,0.75789,0.46452,0.23392,1.06566,0.17374
0.38140,0.11760,0.15334,1.15245,0.06160,0.28029,0.63295,0.41423,0.22667,0.79581,0.17420
0.55852,0.13755,0.17685,1.57169,0.12828,0.33961,0.56677,0.46467,0.25436,0.69922,0.19418
0.79138,0.18268,0.22991,1.57947,0.18614,0.40877,0.63980,0.48648,0.31421,0.79967,0.21846
1.17708,0.20100,0.37677,1.91991,0.18273,0.47846,0.72552,0.60653,0.36620,0.80486,0.26600
1.44823,0.13697,0.53941,1.89841,0.17638,0.49166,0.71210,0.58562,0.37497,0.65266,0.23361
1.37612,0.10605,0.50285,1.51493,0.26396,0.40444,0.72111,0.59225,0.29432,0.49723,0.15276
0.82825,0.06867,0.38032,0.99300,0.18223,0.25140,0.46849,0.50835,0.18097,0.24126,0.07151
0.83845,0.03567,0.31044,1.02904,0.17171,0.19565,0.35823,0.73936,0.18222,0.17575,0.03108
0.79281,0.01343,0.32216,0.78748,0.19162,0.14928,0.24391,0.53187,0.15744,0.06550,0.07605
0.66665,0.03869,0.39421,0.50957,0.16455,0.16057,0.18847,0.42422,0.15620,0.01228,0.10020
0.54528,0.01872,0.38701,0.42902,0.15527,0.17641,0.13263,0.38361,0.14551,-0.02132,0.10530
0.46636,0.03350,0.36682,0.34295,0.16737,0.14719,0.10397,0.33004,0.12827,-0.01844,0.08115
0.36135,0.00147,0.47521,0.19742,0.19055,0.17000,0.18428,0.32641,0.14923,-0.01001,0.11326
0.27449,0.01227,0.54160,0.14337,0.15855,0.14783,0.19397,0.26378,0.15891,0.05845,0.10039
0.11873,-0.03854,0.38830,0.05320,0.12131,0.07928,0.10429,0.18402,0.11577,-0.03526,0.06690
0.11122,-0.02808,0.28011,0.03420,0.20896,0.06993,0.11068,0.19762,0.11042,-0.00095,0.08329
0.09757,-0.01418,0.17903,0.03388,0.22240,0.04975,0.10059,0.23692,0.07966,0.02752,0.07858
0.00732,-0.02798,0.11314,-0.02099,0.17046,0.01028,0.02567,0.15581,0.11162,-0.01470,0.07843
0.02004,-0.01682,0.16245,-0.02558,0.14990,0.06699,0.09969,0.17233,0.16346,0.03320,0.15276
-0.06001,-0.03376,0.28517,-0.08342,0.16192,0.08395,0.09055,0.13926,0.15919,0.06468,0.19136
-0.07159,-0.01043,0.43742,-0.02766,0.18913,0.10885,0.19150,0.17405,0.18467,0.20217,0.21239
-0.03868,-0.01297,0.58422,0.02722,0.29396,0.08266,0.26219,0.23042,0.19444,0.30213,0.16638
-0.05490,-0.00302,0.54258,0.00350,0.32618,0.03645,0.22615,0.16868,0.17058,0.23395,0.14959
-0.10572,-0.01526,0.49503,0.02899,0.27777,0.02389,0.17781,0.12727,0.10896,0.16161,0.09026
-0.11821,-0.03046,0.41780,0.01192,0.27933,0.01042,0.16671,0.08801,0.08286,0.09572,0.05753
-0.07857,-0.05257,0.42358,-0.04348,0.26953,0.00487,0.14827,0.08133,0.05453,0.10345,0.06322
0.01272,-0.02659,0.40444,-0.06999,0.30646,0.04239,0.20794,0.14505,0.10254,0.19726,0.08764
0.04230,-0.02450,0.24756,-0.09380,0.20019,0.04164,0.20256,0.16606,0.10530,0.22844,0.06008
0.04876,-0.04055,0.24044,-0.08683,0.17695,0.07801,0.23323,0.18521,0.14153,0.28575,0.08422
0.27916,-0.04393,0.32921,-0.03180,0.25468,0.13776,0.24962,0.24357,0.13618,0.38407,0.12526
0.42103,-0.06430,0.33835,0.02719,0.29143,0.13060,0.15232,0.20378,0.10818,0.36754,0.09112
0.25781,-0.07194,0.18866,0.01328,0.20875,0.10932,0.07700,0.10142,0.08134,0.22466,0.02179
0.21099,-0.12240,0.10065,-0.00721,0.20549,0.09935,0.01330,0.05314,0.08232,0.14436,0.03336
0.14623,-0.10651,0.06888,0.03925,0.24620,0.11383,0.01637,0.01789,0.13309,0.15729,0.08792
0.14721,-0.10961,0.15452,0.12719,0.04333,0.15624,0.06009,0.04634,0.16020,0.17026,0.07952
0.31203,-0.08421,0.24626,0.14107,0.09288,0.18428,0.13783,0.12476,0.26673,0.22365,0.18393
0.37332,-0.06934,0.24212,0.15178,0.12365,0.12596,0.09439,0.12822,0.26227,0.19269,0.18133
0.35233,-0.05000,0.27223,0.22810,0.12395,0.12921,0.08551,0.10382,0.25721,0.16048,0.16830
0.24071,-0.02732,0.24663,0.34975,0.04564,0.08988,0.08907,0.08729,0.24808,0.11036,0.12106
0.27387,0.01947,0.24721,0.47777,0.13216,0.06961,0.11272,0.07949,0.28852,0.11121,0.13565
0.20470,0.02917,0.20939,0.51394,0.17173,0.01273,0.06271,0.01509,0.20981,0.10767,0.10790
0.15868,0.06756,0.20059,0.53342,0.13988,0.00373,0.10161,0.00564,0.22461,0.13390,0.12134
0.17145,0.15095,0.19843,0.50205,0.12831,0.01854,0.17715,0.04920,0.21432,0.15678,0.14738
0.31966,0.17838,0.24450,0.52281,0.29930,0.01354,0.21026,0.12301,0.21136,0.21236,0.11156
0.32382,0.30382,0.25202,0.64755,0.27791,-0.05484,0.24852,0.17088,0.13782,0.23914,0.05889
0.13001,0.16703,0.14756,0.53156,0.13509,-0.14107,0.19734,0.13740,0.04498,0.13175,0.04889
0.18766,0.17352,0.07678,0.56053,0.28673,-0.15980,0.13850,0.11553,0.03772,0.12587,0.05015
0.17347,0.13997,0.03661,0.64438,0.25011,-0.17727,0.10074,0.09221,0.01549,0.14371,0.04634
-0.01417,0.03937,-0.08440,0.46484,0.03721,-0.26312,0.04531,-0.00913,-0.06861,0.07966,0.02537
-0.04023,0.00280,-0.14791,0.42611,-0.04689,-0.25690,0.08641,-0.02436,-0.09387,0.06656,0.03632
-0.09131,-0.07334,-0.21545,0.28964,-0.05676,-0.30297,0.03814,-0.12284,-0.16290,-0.04175,0.00938
-0.08203,-0.10608,-0.20330,0.23089,-0.06276,-0.26777,-0.04143,-0.10425,-0.17175,-0.09670,-0.03816
-0.06735,-0.10129,-0.22421,0.25977,-0.12482,-0.26408,-0.10742,-0.11411,-0.14327,-0.12871,-0.05456
-0.07611,-0.10626,-0.22224,0.21224,-0.14739,-0.25436,-0.15699,-0.07788,-0.13345,-0.14027,-0.03877
-0.04413,-0.10832,-0.22160,0.26097,-0.14621,-0.24374,-0.12411,-0.07534,-0.12574,-0.12746,-0.04255
-0.04843,-0.10606,-0.25909,0.20565,-0.16122,-0.29013,-0.10171,-0.12530,-0.15138,-0.14024,0.02897
-0.14710,-0.13799,-0.28832,0.12698,-0.23879,-0.32442,-0.06803,-0.16363,-0.16573,-0.19863,0.01963
-0.03702,-0.07475,-0.17852,0.23977,-0.19499,-0.23590,0.04298,-0.07173,-0.11111,-0.06514,0.01914
-0.21240,-0.12280,-0.16715,0.07257,-0.26339,-0.17957,0.00232,-0.09051,-0.12607,-0.13949,0.00875
-0.54243,-0.19866,-0.29523,-0.11847,-0.41377,-0.25285,-0.24335,-0.32284,-0.31680,-0.37688,-0.14207
-0.63388,-0.22302,-0.31521,-0.11641,-0.31428,-0.24678,-0.32785,-0.34917,-0.39439,-0.41979,-0.09486
-0.64892,-0.20066,-0.27586,-0.09447,-0.28012,-0.25839,-0.33187,-0.34956,-0.37468,-0.40837,-0.11034
-0.61153,-0.14769,-0.24093,-0.04894,-0.18914,-0.22453,-0.26583,-0.26000,-0.34879,-0.31178,-0.04062
-0.71733,-0.18380,-0.29179,-0.12985,-0.22997,-0.35090,-0.22759,-0.37782,-0.41955,-0.32085,-0.03825
-0.76828,-0.18190,-0.27533,-0.17887,-0.18662,-0.38199,-0.21006,-0.44316,-0.46516,-0.27070,-0.12234
-0.72162,-0.10327,-0.19165,-0.11242,-0.10835,-0.29051,-0.11553,-0.34015,-0.40319,-0.20288,-0.13604
-0.65667,-0.10107,-0.15723,-0.16768,-0.03088,-0.25902,-0.16245,-0.32724,-0.36875,-0.18243,-0.14506
-0.52064,-0.08192,-0.07938,-0.13220,-0.05597,-0.15011,-0.13520,-0.27879,-0.34110,-0.11483,-0.10785
-0.41860,-0.00673,0.04017,-0.12902,-0.00257,0.01659,-0.05520,-0.22020,-0.31496,-0.02400,-0.04860
-0.27931,-0.01074,0.04084,-0.12133,-0.02445,0.05999,-0.06421,-0.20885,-0.25184,-0.04532,-0.05596
-0.12892,0.01830,0.08520,-0.06124,0.01916,0.01325,0.04631,-0.12903,-0.21217,0.07606,-0.04335
0.40546,0.20290,0.55582,0.22859,0.46510,0.19000,0.33970,0.16903,0.13684,0.49406,0.10913
0.97588,0.22593,0.98747,0.93142,0.28277,0.25896,0.49991,0.36390,0.54579,0.83628,0.03143
1.38562,0.22400,1.14413,1.11468,0.26725,0.29162,0.47826,0.38617,0.57750,0.97626,0.09702
1.66150,0.27179,1.33909,1.03964,0.24694,0.45695,0.52094,0.35240,0.58415,0.90599,0.06483
2.69046,0.37993,1.94706,0.89515,0.27800,0.69115,0.49091,0.55311,0.86162,0.95493,0.06848
5.16172,0.51279,2.85900,0.89338,0.54759,1.56715,0.76151,1.03846,1.43540,1.16769,0.25905
3.45216,0.32478,1.83396,0.59108,0.33168,1.23214,0.55168,0.71387,0.96158,0.73883,0.26471
1.79506,0.19789,0.95417,0.36780,0.11075,0.50772,0.36402,0.48439,0.62866,0.42218,0.21376
1.32974,0.17777,0.75193,0.23885,0.05745,0.40937,0.23908,0.37325,0.55875,0.30357,0.10467
1.59586,0.18429,0.66296,0.21407,0.12113,0.39409,0.15499,0.30466,0.57675,0.30190,0.10970
0.69128,0.08877,0.30505,0.07012,0.04446,0.07468,0.05918,0.15580,0.35807,0.07725,0.10682
0.37421,0.09354,0.21474,0.05583,-0.01523,0.08284,0.04339,0.10018,0.29775,0.04366,0.11356
0.52147,0.11264,0.24278,0.03532,0.00426,0.15785,0.09428,0.18904,0.35286,0.09677,0.16173
0.63445,0.20187,0.28203,0.06990,0.14618,0.26654,0.17403,0.26506,0.37902,0.13956,0.20148
0.49920,0.22223,0.26614,0.02738,0.23616,0.28587,0.16360,0.29331,0.31764,0.12650,0.11696
0.41071,0.23204,0.24090,-0.02469,0.25823,0.18714,0.14973,0.32933,0.28692,0.15254,0.15208
0.61613,0.33143,0.25800,0.01579,0.55367,0.18902,0.25293,0.41857,0.35791,0.21550,0.18342
0.36920,0.21113,0.11738,-0.05717,0.47536,0.05518,0.18625,0.28660,0.19753,0.11460,0.14460
0.32086,0.17319,0.05886,-0.09606,0.53126,0.00146,0.20915,0.20661,0.12351,0.10160,0.13082
0.39914,0.19962,0.15283,-0.08610,0.55197,0.06265,0.28287,0.25314,0.18677,0.20110,0.21092
0.42574,0.20962,0.16571,-0.08232,0.52987,0.06377,0.28941,0.27256,0.21381,0.20584,0.22521
0.42557,0.24276,0.23243,-0.01808,0.68795,0.05785,0.34924,0.29869,0.26139,0.23572,0.20496
0.10907,0.13072,0.09687,-0.06909,0.49680,-0.09328,0.11406,0.09238,0.07644,0.12139,0.12753
-0.04814,0.05359,0.02344,-0.08859,0.39191,-0.16718,0.03445,0.00529,0.00609,0.02238,0.12996
-0.15951,0.01218,-0.00518,-0.01352,0.31665,-0.14349,-0.02026,-0.01692,-0.07025,0.00553,0.11289
-0.20598,-0.01591,-0.02899,0.00690,0.31306,-0.12154,0.02274,0.00661,-0.03972,-0.01953,0.12916
-0.23742,-0.04902,-0.07939,-0.00814,0.30949,-0.12670,0.04381,-0.01192,-0.03503,-0.06303,0.16465
-0.19131,-0.04122,-0.06178,0.05192,0.31384,-0.07286,0.06609,0.03593,-0.00673,-0.04831,0.15502
-0.17705,-0.03220,-0.02934,0.03648,0.21307,-0.02931,0.08410,0.03674,0.00752,-0.00157,0.15675
-0.20101,-0.00755,0.00433,0.04092,0.11466,0.02783,0.08777,0.01860,0.03028,0.01282,0.11338
-0.27288,-0.02499,-0.01752,-0.00426,0.06133,-0.00642,0.04762,-0.02054,0.02925,-0.03267,0.06934
-0.30361,0.02077,-0.04293,0.04418,0.05440,-0.02427,-0.03611,-0.05131,0.02695,-0.07772,0.04449
-0.32747,0.02776,0.00783,0.08596,0.03180,0.00756,-0.02956,-0.02089,0.04356,-0.07038,0.09072
-0.35011,0.03605,0.00166,-0.01984,0.01730,0.06811,0.02573,0.00919,0.05465,-0.08600,0.10892
-0.20416,0.20494,0.17818,0.08071,0.29787,0.28549,0.26380,0.24432,0.26590,0.07634,0.17083
-0.06017,0.30482,0.27597,0.09837,0.47149,0.46357,0.39140,0.33470,0.35711,0.12966,0.15210
-0.02261,0.24744,0.20817,0.01804,0.40290,0.40700,0.40274,0.25158,0.33225,0.04117,0.12768
-0.05043,0.16157,0.24959,-0.01301,0.28641,0.30267,0.24875,0.15367,0.26057,0.01043,0.05326
-0.00646,0.15437,0.31521,0.00860,0.34771,0.31721,0.24820,0.14937,0.28329,0.05262,0.06594
-0.01327,0.18280,0.29398,-0.02284,0.40630,0.31334,0.28360,0.15163,0.28524,0.06598,0.09439
-0.10611,0.19710,0.24956,-0.00154,0.37694,0.27298,0.29678,0.12962,0.26165,0.00149,0.14229
-0.05379,0.21991,0.25713,0.00346,0.41605,0.33716,0.33859,0.20555,0.31168,0.04990,0.22181
-0.04731,0.21836,0.26383,0.05425,0.38520,0.36265,0.28409,0.20219,0.34450,0.03661,0.27660
0.23298,0.27147,0.35495,0.13886,0.50853,0.67617,0.37882,0.34055,0.41445,0.17331,0.27704
0.33004,0.27569,0.38745,0.17658,0.49875,0.69554,0.39670,0.36157,0.35695,0.26405,0.19664
0.56306,0.30257,0.43628,0.34941,0.35368,0.70064,0.37683,0.36357,0.34230,0.32848,0.20937
0.62642,0.26544,0.41721,0.42397,0.23371,0.89526,0.41642,0.39947,0.26715,0.32952,0.18225
0.50297,0.22348,0.38230,0.36696,0.16709,0.65691,0.41489,0.42304,0.21459,0.32816,0.11563
0.57260,0.38566,0.40583,0.37826,0.22927,0.64670,0.50798,0.52223,0.28764,0.47376,0.14719
0.64739,0.72576,0.49885,0.33044,0.29627,0.76997,0.69113,0.67706,0.28902,0.57319,0.23070
0.55368,0.71253,0.48275,0.29985,0.31579,0.68204,0.72803,0.60975,0.19583,0.50311,0.17893
0.50508,0.60400,0.40153,0.27176,0.20310,0.52031,0.69709,0.56462,0.14007,0.44854,0.14987
0.51682,0.46001,0.35418,0.18287,0.15125,0.41956,0.59008,0.49310,0.11495,0.41179,0.11098
0.55633,0.57467,0.35836,0.27091,0.17395,0.30955,0.52720,0.52393,0.09694,0.39626,0.11659
0.66003,0.62143,0.34918,0.32863,0.24286,0.29253,0.42706,0.54965,0.06618,0.39346,0.10638
0.49123,0.29748,0.27169,0.31995,0.19713,0.18346,0.37061,0.49603,0.05273,0.33033,0.10131
0.63920,0.33061,0.29219,0.36448,0.34544,0.23177,0.47095,0.54505,0.16623,0.40232,0.19723
0.71043,0.16491,0.22025,0.30522,0.36140,0.11756,0.39223,0.48189,0.15081,0.34276,0.13044
0.91190,0.13216,0.23845,0.32705,0.41867,0.10834,0.39267,0.46178,0.20515,0.34657,0.12911
0.93862,0.14838,0.25677,0.36510,0.41827,0.14585,0.39860,0.43212,0.17973,0.35113,0.20243
0.65916,0.05697,0.25168,0.35555,0.26193,0.10036,0.40169,0.27599,0.14572,0.25823,0.19918
0.67455,0.16418,0.30477,0.45373,0.22382,0.13061,0.47246,0.31934,0.26470,0.35788,0.25916
0.43677,0.18769,0.31656,0.45514,-0.00489,0.08686,0.43195,0.30204,0.32148,0.36374,0.32209
0.26923,0.21189,0.37644,0.45393,-0.08702,0.05657,0.37610,0.26141,0.37112,0.31610,0.40009
0.30714,0.29150,0.45377,0.46785,-0.01226,0.13285,0.48094,0.33395,0.33651,0.39906,0.35263
