0.04417,0.00007,0.15308,0.36118,0.10791,0.28735,0.25224,0.05487,0.15732,-0.02370,0.16240
0.03797,0.00352,0.12639,0.39867,0.01702,0.30560,0.19578,0.03387,0.13488,-0.05114,0.14484
-0.02076,-0.04214,0.00735,0.39268,-0.10116,0.21209,0.14410,-0.05239,0.08267,-0.11685,0.06683
0.01489,-0.04885,0.06157,0.43055,-0.09210,0.22263,0.14558,-0.04556,0.11018,0.00347,0.07261
0.01913,-0.06789,0.20731,0.48133,-0.07465,0.20964,0.23769,-0.00809,0.14652,0.12991,0.07768
0.03438,-0.04349,0.44446,0.64533,-0.05076,0.18093,0.37100,0.13668,0.16291,0.43138,0.06076
0.06657,-0.06654,0.43660,0.41886,-0.12617,0.13588,0.29122,0.18863,0.12548,0.26825,0.08017
0.06842,-0.08398,0.41668,0.30295,-0.13853,0.14115,0.16168,0.03077,0.11565,0.11205,0.08240
0.06948,-0.01477,0.57611,0.38699,-0.05733,0.19310,0.21134,0.13768,0.14403,0.23829,0.12058
0.10018,0.00525,0.70610,0.62123,0.02561,0.21649,0.24008,0.15893,0.14874,0.23995,0.11958
0.03400,-0.06277,0.53190,0.53961,-0.02599,0.21499,0.07673,0.08825,0.10656,0.00121,0.11723
0.02885,-0.08178,0.39440,0.48958,-0.06032,0.16699,-0.03851,0.06037,0.08356,-0.12109,0.05959
0.03789,-0.09028,0.21393,0.29445,-0.03618,0.10240,-0.10735,0.00280,0.03858,-0.23553,-0.00505
0.00747,-0.04729,0.16629,0.29842,-0.00618,0.06823,-0.09526,-0.04013,0.04336,-0.25410,0.01651
0.03760,0.01200,0.30931,0.38667,0.08867,0.09207,-0.07725,0.00400,0.08588,-0.23808,0.01591
-0.00000,0.02668,0.27323,0.45862,0.06859,0.07802,-0.09332,0.02344,0.07556,-0.30578,0.02775
0.02142,0.05956,0.15397,0.37412,0.05265,0.11975,-0.08159,0.04855,0.07105,-0.27366,0.05755
0.00939,0.03120,0.05999,0.21392,0.08172,0.14077,-0.13381,0.02209,0.05187,-0.32864,0.03942
0.00094,0.03493,-0.03664,0.26203,0.07241,0.14893,-0.15399,-0.00417,0.02548,-0.34064,0.01971
-0.06494,0.01181,-0.16465,0.16117,0.06014,0.11199,-0.15689,-0.06734,-0.00321,-0.38872,-0.02842
-0.10611,-0.04552,-0.23307,0.04091,-0.02677,0.04475,-0.18168,-0.14895,-0.01542,-0.41989,-0.04344
-0.11428,0.00423,-0.22698,-0.01218,-0.07573,0.03989,-0.17633,-0.16257,-0.08486,-0.38347,-0.02753
-0.10267,0.09575,-0.19438,-0.02278,-0.03693,0.06454,-0.11261,-0.10969,-0.04544,-0.30162,-0.00661
-0.08168,0.26813,-0.10182,0.04064,0.04536,0.12422,-0.00990,-0.02192,-0.03483,-0.10138,0.06376
-0.04465,0.40476,0.00389,0.21998,0.11265,0.19393,0.15147,0.09068,0.02286,0.24508,0.13307
0.03037,0.40927,0.01362,0.15721,0.08350,0.17717,0.12765,0.29743,0.03541,0.54436,0.09420
0.15215,0.50812,0.10182,0.14945,0.07776,0.24311,0.20886,0.42043,0.13636,1.06788,0.16146
0.25341,0.54192,0.28622,0.21832,0.18256,0.33139,0.26847,0.52398,0.24924,1.47348,0.16012
0.32737,0.30222,0.29436,0.29993,0.30113,0.29537,0.14506,0.44031,0.36574,0.89998,0.13474
0.49891,0.27652,0.32874,0.42954,0.31191,0.30857,0.19504,0.48597,0.51714,0.84603,0.13372
0.47630,0.33346,0.40757,0.37096,0.34589,0.32186,0.33506,0.57643,1.09271,0.94788,0.15830
0.57895,0.37032,0.65335,0.42423,0.30716,0.35044,0.45483,0.68834,2.53219,1.09281,0.22544
0.75711,0.38572,0.79396,0.46709,0.31957,0.37923,0.47882,0.70270,3.10284,0.93224,0.22097
0.69663,0.35131,0.63278,0.43593,0.41727,0.30369,0.51244,0.67428,3.43156,0.79023,0.18509
0.42145,0.17931,0.40856,0.29631,0.20767,0.18271,0.30385,0.44082,1.10855,0.44617,0.10182
0.41646,0.15425,0.33698,0.24219,0.19889,0.22781,0.21677,0.56861,0.46827,0.35274,0.08111
0.49918,0.08783,0.27940,0.14260,0.27015,0.19775,0.14215,0.42952,0.31200,0.10992,0.09892
0.46437,0.05441,0.31716,0.13845,0.30614,0.14316,0.09005,0.35248,0.21792,-0.00652,0.07465
0.44095,0.03654,0.29804,0.12088,0.35066,0.13501,0.08415,0.33554,0.14496,-0.06277,0.06361
0.54266,0.04069,0.27085,0.04844,0.38018,0.11077,0.09169,0.24973,0.11458,-0.03046,0.06180
0.49982,0.05335,0.37068,0.08495,0.40991,0.10980,0.15380,0.22016,0.11650,0.01974,0.09226
0.34857,0.07137,0.42141,0.11995,0.33551,0.12352,0.14041,0.16357,0.11182,0.08478,0.09016
0.27795,0.04005,0.29858,0.07185,0.29726,0.07237,0.02451,0.09053,0.07631,-0.02815,0.05332
0.38041,0.03743,0.22997,0.12323,0.41960,0.07076,0.00351,0.10758,0.07392,0.06269,0.05051
0.27943,0.04339,0.18988,0.12805,0.49246,0.04910,-0.00804,0.14437,0.05475,0.09793,0.03902
0.13059,0.01212,0.12907,0.11123,0.44361,0.04140,-0.02154,0.09623,0.06705,0.02842,0.03893
0.17199,0.02542,0.19348,0.21408,0.40597,0.08994,0.03996,0.15377,0.13873,0.11674,0.09048
0.09716,-0.00018,0.23354,0.22690,0.41684,0.08519,0.04261,0.14971,0.11838,0.13982,0.09998
0.07588,0.02223,0.31136,0.26777,0.44063,0.12060,0.17314,0.17976,0.15138,0.32908,0.11522
0.11212,0.04508,0.33756,0.20259,0.54373,0.10431,0.19554,0.28111,0.12778,0.41092,0.12646
0.08343,0.04947,0.20574,0.15974,0.57278,0.06664,0.15624,0.21600,0.09986,0.34635,0.12300
0.01137,0.02694,0.14426,0.14719,0.44916,0.04594,0.12418,0.21321,0.07028,0.22102,0.07188
-0.01567,0.00460,0.08867,0.08948,0.42900,0.21295,0.07811,0.14464,0.06411,0.16844,0.04182
-0.01610,-0.00955,0.06639,0.08127,0.44350,0.53809,0.08495,0.12369,0.03336,0.16166,0.03878
0.01286,0.02001,0.07798,0.07100,0.49393,0.61397,0.12619,0.16745,0.05831,0.30279,0.05812
-0.01638,0.02435,0.07349,0.01580,0.35765,0.78666,0.11578,0.16950,0.05158,0.33729,0.04114
0.01538,0.03218,0.08567,-0.00070,0.32244,0.85500,0.17185,0.22871,0.08454,0.39510,0.06033
0.18368,0.06475,0.18250,0.03422,0.42341,0.62131,0.18257,0.27617,0.10731,0.53798,0.06272
0.25153,0.03075,0.16474,-0.02818,0.52249,0.81487,0.11731,0.20305,0.09860,0.53527,0.05191
0.21179,-0.00292,0.05054,-0.06404,0.27372,1.02628,0.10504,0.12831,0.07989,0.28532,0.03031
0.15173,-0.00365,-0.01464,-0.05544,0.20778,0.88080,0.03769,0.08499,0.07783,0.14523,0.05746
0.10235,0.01211,-0.04274,0.05557,0.17883,0.73160,0.06780,0.06271,0.13343,0.11630,0.07738
0.10785,0.02522,0.04783,0.18104,0.04741,1.06422,0.10383,0.10567,0.15897,0.16028,0.06775
0.21946,0.06885,0.13705,0.23523,0.06541,1.77277,0.15134,0.16853,0.26170,0.21830,0.13473
0.21534,0.07046,0.11684,0.26294,0.08146,0.96078,0.14958,0.19266,0.25794,0.16886,0.15031
0.21836,0.09199,0.13284,0.27262,0.07180,0.26397,0.15613,0.20919,0.26781,0.14299,0.17169
0.18706,0.11679,0.12708,0.30280,-0.00615,0.18628,0.15534,0.17920,0.26945,0.08912,0.16020
0.24400,0.12195,0.15593,0.38014,0.04164,0.15797,0.17518,0.17538,0.33865,0.06201,0.17452
0.20640,0.08148,0.13837,0.46365,0.03847,0.09220,0.16992,0.11026,0.25093,0.04163,0.15505
0.23303,0.10979,0.12860,0.54929,0.04280,0.12087,0.21787,0.10467,0.22753,0.04051,0.19012
0.33499,0.17545,0.17671,0.60481,0.09638,0.14175,0.25306,0.14123,0.20472,0.03858,0.17413
0.47870,0.21769,0.23655,0.55573,0.24294,0.13885,0.26572,0.18963,0.21994,0.14793,0.11626
0.51031,0.20074,0.27054,0.53465,0.25132,0.08268,0.26994,0.24217,0.18799,0.25212,0.04001
0.46702,0.12589,0.22250,0.30928,0.15803,0.04961,0.21516,0.20477,0.11149,0.17907,0.00051
0.56339,0.11527,0.15814,0.22470,0.29894,0.01482,0.19200,0.16754,0.10238,0.13633,-0.00538
0.60884,0.11125,0.11936,0.27039,0.37119,-0.01789,0.19158,0.17254,0.06803,0.14304,-0.01548
0.42388,0.05901,0.03040,0.11001,0.31478,-0.12357,0.04052,0.00924,-0.00965,0.03209,-0.04149
0.41672,-0.00031,-0.01284,0.09640,0.31267,-0.13313,0.02282,-0.05103,-0.05416,-0.01551,-0.03814
0.29808,-0.08704,-0.11790,0.04627,0.33210,-0.16905,-0.01395,-0.13488,-0.10929,-0.11151,-0.06393
0.26791,-0.09084,-0.09418,-0.01363,0.30053,-0.12761,-0.10356,-0.12901,-0.12921,-0.08996,-0.07694
0.32812,-0.09666,-0.11591,-0.03869,0.33494,-0.12530,-0.15310,-0.11946,-0.12423,-0.07427,-0.09406
0.34437,-0.12852,-0.10737,-0.07112,0.31162,-0.12820,-0.17834,-0.07462,-0.12788,-0.06853,-0.08580
0.32985,-0.15745,-0.12339,-0.11942,0.26526,-0.14166,-0.19370,-0.07298,-0.11982,-0.04861,-0.04732
0.28713,-0.19959,-0.16609,-0.14459,0.24680,-0.19994,-0.19360,-0.10126,-0.15226,-0.05895,-0.00137
0.11977,-0.22073,-0.22320,-0.17807,0.13980,-0.20438,-0.20084,-0.13473,-0.18902,-0.12351,0.00136
0.15982,-0.17034,-0.14319,-0.04036,0.07254,-0.12648,-0.08689,-0.03759,-0.13858,0.00675,0.02109
-0.08285,-0.20284,-0.15317,-0.06277,-0.05509,-0.12581,-0.12399,-0.07215,-0.15938,-0.09045,0.01872
-0.35603,-0.32476,-0.33249,-0.24081,-0.25624,-0.23476,-0.30459,-0.30581,-0.33318,-0.31500,-0.08304
-0.40649,-0.38608,-0.41298,-0.26270,-0.30870,-0.25743,-0.29062,-0.31653,-0.37906,-0.36699,-0.09674
-0.43039,-0.37807,-0.41602,-0.23872,-0.35297,-0.27102,-0.25331,-0.30873,-0.36363,-0.37940,-0.12860
-0.41859,-0.33430,-0.35307,-0.15557,-0.31577,-0.26246,-0.26747,-0.24105,-0.33839,-0.27213,-0.09967
-0.45812,-0.36426,-0.41902,-0.19428,-0.33152,-0.36598,-0.25025,-0.30806,-0.38949,-0.31283,-0.14140
-0.50446,-0.33203,-0.40581,-0.21902,-0.33767,-0.39131,-0.30378,-0.33178,-0.42949,-0.33729,-0.22324
-0.46904,-0.24496,-0.32446,-0.13468,-0.30715,-0.31471,-0.27388,-0.25449,-0.38264,-0.28270,-0.20798
-0.43043,-0.19766,-0.27643,-0.19553,-0.29139,-0.29593,-0.19514,-0.26128,-0.32532,-0.26436,-0.22762
-0.39717,-0.14483,-0.23746,-0.11442,-0.29226,-0.24900,-0.15153,-0.23621,-0.30245,-0.22090,-0.19901
-0.36948,-0.09805,-0.16477,-0.01479,-0.26843,-0.20463,-0.04225,-0.13956,-0.26633,-0.14320,-0.16060
-0.30853,-0.09994,-0.10347,-0.01733,-0.17568,-0.18312,0.16914,-0.12560,-0.22448,-0.14974,-0.12426
-0.15946,-0.03441,-0.04182,-0.02015,-0.08887,-0.18156,0.21294,-0.02025,-0.18654,-0.01083,-0.11221
0.19754,0.21071,0.47606,0.32281,0.23512,0.03874,0.49432,0.40897,0.15278,0.31868,-0.00094
0.46700,0.42645,0.90186,0.47550,0.36899,0.16128,0.88329,0.99782,0.45347,0.70264,0.03125
0.64732,0.52419,0.93681,0.46118,0.51378,0.15831,0.94219,0.96790,0.42662,1.03446,0.09104
0.88341,0.55100,1.24147,0.42193,0.44996,0.29500,0.74698,0.91443,0.47935,0.96207,0.08359
1.14878,0.66125,2.28820,0.38586,0.41198,0.49192,0.70389,1.06526,0.77335,1.09372,0.12688
1.68014,0.80663,3.36231,0.55045,0.50882,1.17326,1.00921,1.52267,1.40795,1.45506,0.35859
0.94289,0.52116,2.06694,0.40708,0.32822,0.71193,0.71595,1.03737,0.95137,0.91046,0.31156
0.38447,0.34168,0.83646,0.26042,0.10999,0.32552,0.27926,0.65675,0.47659,0.61914,0.27689
0.26366,0.25842,0.51549,0.15536,0.09525,0.25448,0.13936,0.52700,0.46733,0.48610,0.18803
0.34369,0.18462,0.55855,0.13797,0.12443,0.25451,0.08222,0.54136,0.46376,0.46704,0.19339
0.14772,0.08527,0.18810,-0.00722,0.02550,0.07658,-0.02012,0.12121,0.26347,0.25315,0.15246
0.05253,0.05261,0.16263,-0.00038,0.00688,0.08437,-0.00522,0.05186,0.21886,0.12725,0.15190
0.10442,0.09189,0.19877,0.00182,0.02568,0.14459,0.05914,0.13220,0.26979,0.19141,0.16825
0.18553,0.11526,0.28117,0.00465,0.13126,0.23623,0.08643,0.27455,0.36228,0.21978,0.16463
0.18210,0.11434,0.33545,-0.02466,0.14541,0.29713,0.11076,0.38561,0.32260,0.17174,0.12407
0.17825,0.09487,0.28535,0.00642,0.12622,0.23898,0.10431,0.29793,0.29353,0.19776,0.15605
0.26354,0.18551,0.26928,0.06663,0.24497,0.26983,0.16762,0.37032,0.35446,0.34818,0.19351
0.16280,0.08671,0.11523,-0.00846,0.25102,0.13681,0.16736,0.25073,0.21181,0.20217,0.13598
0.21817,0.04160,0.05550,-0.03505,0.22915,0.04237,0.19365,0.15234,0.16398,0.11312,0.12170
0.28621,0.08884,0.15846,0.10840,0.27643,0.07842,0.27175,0.19147,0.22501,0.15814,0.16890
0.30495,0.08642,0.19238,0.12790,0.25113,0.12562,0.30798,0.23429,0.22536,0.13539,0.16875
0.34785,0.12112,0.27518,0.10738,0.29166,0.14544,0.40952,0.30202,0.26100,0.14873,0.15048
0.08387,0.05136,0.08638,0.01174,0.11972,0.00537,0.18683,0.14582,0.05773,0.01272,0.07871
-0.03700,0.00397,-0.00232,-0.00949,0.04482,-0.06627,0.09049,0.08366,-0.01704,-0.03139,0.07875
-0.11497,-0.02349,-0.02733,0.01525,0.00953,-0.06101,0.02976,0.02773,-0.07202,-0.03763,0.08314
-0.10806,0.01415,-0.04685,0.12375,0.00046,-0.06022,-0.00951,0.05485,-0.09332,-0.04253,0.10052
-0.18071,-0.00967,-0.08785,0.11387,-0.04800,-0.09454,-0.05758,0.04139,-0.09552,-0.09584,0.10575
-0.16968,0.00036,-0.04070,0.10070,-0.04715,-0.05543,-0.01943,0.08749,-0.05364,-0.07871,0.09334
-0.16454,0.02441,0.01199,0.10013,-0.07437,-0.02890,0.02491,0.10460,-0.03600,-0.06510,0.08453
-0.17866,0.05956,0.02663,0.11705,-0.09145,0.00943,0.00341,0.10271,-0.01670,-0.02421,0.07510
-0.20380,0.01325,0.00193,0.08759,-0.12503,-0.01207,-0.03706,0.09310,-0.02033,-0.05676,0.04850
-0.20851,0.01522,-0.04941,0.02673,-0.11407,-0.01852,-0.08471,0.04849,-0.02176,-0.11061,0.04312
-0.23696,0.04341,-0.05083,0.10741,-0.13726,-0.02499,-0.05909,0.06121,0.00864,-0.06154,0.09071
-0.25168,0.07547,-0.07165,0.12451,-0.12702,0.02435,0.01028,0.08505,0.03647,-0.05271,0.10762
-0.08441,0.21236,0.10154,0.30050,0.01288,0.21070,0.19235,0.31497,0.27013,0.21242,0.15228
0.00815,0.32454,0.19540,0.29807,0.07789,0.36706,0.27730,0.44582,0.37877,0.23819,0.14178
0.04772,0.30249,0.14882,0.21558,0.05376,0.31135,0.25098,0.39086,0.38329,0.11540,0.11243
-0.01992,0.17878,0.09327,0.14627,-0.01189,0.26825,0.20238,0.29239,0.31470,0.02429,0.04215
0.01123,0.16542,0.10534,0.14918,0.01341,0.32143,0.22185,0.24992,0.32517,0.06711,0.03150
0.00626,0.19722,0.09083,0.14845,0.02693,0.29690,0.20558,0.24114,0.31346,0.05108,0.04423
-0.08062,0.18658,0.04187,0.12320,-0.02482,0.25476,0.15361,0.20641,0.30555,-0.02323,0.07435
-0.07614,0.14164,0.06263,0.14935,-0.05329,0.26379,0.17143,0.24784,0.36944,-0.02099,0.11718
-0.11804,0.21917,0.07614,0.16295,-0.02783,0.26370,0.18185,0.21962,0.38436,-0.01881,0.14840
-0.05471,0.31735,0.25759,0.21309,0.05733,0.43198,0.24694,0.38503,0.42181,0.14311,0.15353
0.00610,0.32775,0.33476,0.21376,0.13774,0.49623,0.25257,0.46448,0.31548,0.19876,0.08728
-0.00005,0.34844,0.37486,0.27647,0.11395,0.52131,0.20992,0.47168,0.28599,0.24209,0.09667
-0.01619,0.28611,0.43600,0.26450,0.08120,0.64050,0.26449,0.45723,0.20035,0.19917,0.09166
-0.00044,0.21872,0.39736,0.27780,0.08526,0.46821,0.23121,0.38744,0.13595,0.20489,0.06624
0.05118,0.25267,0.42993,0.29011,0.19077,0.45731,0.22068,0.42420,0.18258,0.33989,0.10312
0.14771,0.31338,0.50094,0.30929,0.22739,0.54765,0.32513,0.43924,0.19903,0.41063,0.18132
0.15800,0.26439,0.46043,0.27987,0.18590,0.51307,0.33835,0.41076,0.13251,0.34936,0.15789
0.10740,0.20235,0.36670,0.17944,0.11445,0.40477,0.36059,0.38001,0.07992,0.31696,0.13552
0.10379,0.10228,0.34883,0.05791,0.14498,0.34020,0.32311,0.32705,0.04669,0.27447,0.10775
0.16233,0.12624,0.36669,0.08908,0.15364,0.33562,0.34067,0.36012,0.03548,0.29843,0.09355
0.27951,0.09680,0.31413,0.09699,0.25303,0.30431,0.21542,0.38006,0.02927,0.34706,0.07297
0.18262,0.04418,0.16271,0.07138,0.20376,0.17474,0.16428,0.28943,0.01531,0.22723,0.05040
0.24422,0.12042,0.15136,0.13069,0.28719,0.21689,0.21796,0.30654,0.11816,0.29811,0.09433
0.31204,0.09667,0.07690,0.05709,0.23738,0.11392,0.14312,0.23519,0.09371,0.22772,0.04465
0.37287,0.14896,0.03271,0.07056,0.15746,0.10088,0.07472,0.20315,0.13964,0.19113,0.04986
0.30214,0.18281,0.02048,0.03682,0.08006,0.13044,0.01925,0.17065,0.12467,0.15641,0.07256
0.08045,0.11794,-0.00177,-0.02465,-0.15492,0.08173,-0.00349,0.05345,0.07583,0.02387,0.05902
-0.00042,0.15844,0.06891,0.04480,-0.18942,0.10209,0.02601,0.10803,0.12918,0.06892,0.08498
-0.10881,0.17986,0.08662,0.09859,-0.34762,0.04681,0.04854,0.06562,0.17212,0.08532,0.12010
-0.16349,0.16639,0.11670,0.20737,-0.36607,0.02690,0.03518,0.02380,0.21017,0.04937,0.18978
-0.12633,0.25056,0.15655,0.29864,-0.28903,0.10424,0.16382,0.08890,0.20451,0.14090,0.18427
-0.16623,0.25984,0.10448,0.24657,-0.33446,0.07461,0.18252,0.07179,0.16741,0.14299,0.11299
-0.14767,0.24426,0.12968,0.26951,-0.28712,0.12599,0.29503,0.12101,0.13770,0.13674,0.12303
-0.11226,0.16959,0.14336,0.22687,-0.30483,0.19162,0.30181,0.14223,0.05103,0.14213,0.09882
-0.13703,0.09473,0.12206,0.18831,-0.37064,0.18582,0.27939,0.10245,-0.00448,0.10141,0.07092
-0.26943,0.02026,0.14035,0.19414,-0.46541,0.20672,0.28844,0.08130,-0.01011,0.03044,0.10087
-0.29463,-0.07006,0.10409,0.20850,-0.51049,0.14362,0.31895,0.03821,-0.06519,-0.01548,0.12813
-0.35554,-0.09776,0.04617,0.28105,-0.50872,0.12014,0.42084,0.02929,-0.09241,-0.01633,0.11096
-0.23875,-0.07283,0.08605,0.39792,-0.36585,0.19334,0.41349,0.12907,-0.05116,0.14315,0.17459
-0.24235,-0.09769,-0.03455,0.32066,-0.32491,0.15511,0.42028,0.07913,-0.13583,0.15752,0.09407
-0.27878,-0.13020,-0.10218,0.20840,-0.27073,0.11941,0.41883,0.06388,-0.18610,0.11533,0.06317
-0.30968,-0.17291,-0.18205,0.06930,-0.39724,0.02071,0.19266,-0.04604,-0.28066,-0.00237,0.06428
-0.28981,-0.21131,-0.19477,0.08193,-0.50843,-0.06631,0.00873,-0.07803,-0.29536,-0.03457,0.20318
-0.05669,-0.17851,-0.10128,0.10973,-0.35153,-0.03268,0.02282,0.02578,-0.20167,0.04246,0.27105
0.00510,-0.15514,-0.07702,0.06966,-0.37109,-0.02335,0.09134,0.03487,-0.15264,0.07263,0.27901
-0.06428,-0.06092,-0.09369,0.13968,-0.29412,-0.01717,0.11931,0.04550,-0.08560,0.07857,0.40874
0.01790,-0.03539,-0.08811,0.17393,-0.23071,-0.05255,0.12474,0.08216,-0.03087,0.11907,0.47261
0.35040,0.11735,-0.05368,0.27575,-0.13741,-0.00552,0.13131,0.20766,0.05110,0.25385,0.43539
0.54711,0.19040,0.05445,0.31838,0.06717,0.12516,0.22673,0.30514,0.15817,0.46113,0.35493
0.77477,0.19470,0.09810,0.21351,0.15551,0.16549,0.32812,0.35691,0.17659,0.52008,0.35754
0.80782,0.12855,0.07931,0.16544,0.05236,0.09940,0.36406,0.28576,0.08726,0.42982,0.20518
1.33752,0.10739,0.19870,0.25306,0.09081,0.16813,0.33723,0.34210,0.11239,0.44827,0.28132
2.10341,0.19708,0.36641,0.42800,0.72667,0.35799,0.43361,0.49853,0.24765,0.59204,0.35746
2.80098,0.35917,0.51885,0.54244,1.45756,0.53929,0.68222,0.70245,0.40056,0.80479,0.30088
2.69214,0.37304,0.57049,0.48918,1.73854,0.63865,0.96470,0.67894,0.43805,0.86275,0.21763
