0.18128,-0.00063,0.34143,0.45788,0.07303,0.30854,0.17607,0.07577,0.15489,-0.02879,0.09910
0.18827,-0.02443,0.20079,0.49363,-0.02571,0.33134,0.12156,0.03121,0.13747,-0.08323,0.06406
0.11791,-0.03354,0.04000,0.38670,-0.17332,0.21802,0.08767,-0.06370,0.08988,-0.13315,-0.02451
0.21499,-0.03627,0.09501,0.47368,-0.14835,0.22399,0.11630,-0.03325,0.11753,-0.00947,-0.01724
0.16020,-0.02960,0.17092,0.47322,-0.09588,0.20423,0.17469,0.01202,0.15168,0.07851,-0.03921
0.22228,-0.02781,0.27670,0.62761,-0.01495,0.17847,0.27173,0.16383,0.16537,0.31064,-0.04101
0.25175,0.02248,0.31652,0.43760,-0.12033,0.12848,0.22164,0.24567,0.13087,0.19523,0.01281
0.20053,-0.02992,0.28998,0.35120,-0.17510,0.12743,0.14341,0.06706,0.12164,0.09045,0.02276
0.24487,-0.01428,0.45112,0.44414,-0.09479,0.17670,0.19571,0.17209,0.15248,0.20884,0.07398
0.27445,-0.05309,0.56780,0.62954,0.00738,0.21285,0.22269,0.19713,0.15917,0.20910,0.05194
0.17630,-0.10882,0.39100,0.53457,-0.05114,0.20519,0.08508,0.11805,0.12169,-0.01606,0.01324
0.14954,-0.12962,0.26130,0.50405,-0.08225,0.15990,0.00703,0.07805,0.10195,-0.10353,-0.04287
0.13445,-0.13317,0.13938,0.32063,-0.06497,0.09681,-0.04165,0.00157,0.05324,-0.18690,-0.07698
0.10133,-0.09556,0.11876,0.31266,-0.03487,0.05943,-0.06010,-0.03423,0.05810,-0.18000,-0.04747
0.17266,-0.08692,0.26059,0.44032,0.03325,0.09721,-0.05897,0.01957,0.10190,-0.16006,-0.04515
0.09233,-0.09160,0.15159,0.49945,0.02692,0.08616,-0.07802,0.02030,0.08020,-0.23535,-0.03974
0.11993,-0.04554,0.07786,0.40899,0.03680,0.13368,-0.07310,0.03967,0.07699,-0.20971,0.00427
0.11595,-0.03452,0.04192,0.24297,0.03519,0.16449,-0.11989,0.02711,0.06098,-0.25058,0.00682
0.06698,0.00086,-0.05046,0.27523,0.00978,0.17857,-0.14841,-0.02180,0.03609,-0.26599,-0.01473
-0.05300,-0.02729,-0.14536,0.16753,-0.00676,0.14937,-0.15345,-0.09700,0.00809,-0.31741,-0.06361
-0.12781,-0.05540,-0.20619,0.05892,-0.12948,0.06459,-0.18270,-0.18400,-0.00410,-0.34921,-0.08528
-0.11765,0.06442,-0.20110,0.02361,-0.16776,0.06172,-0.18798,-0.19813,-0.02216,-0.31386,-0.05021
-0.07852,0.12263,-0.18448,0.00170,-0.13370,0.09137,-0.13622,-0.13970,0.01212,-0.24257,-0.00165
-0.03446,0.32211,-0.08622,0.05894,-0.04217,0.15826,-0.05295,-0.04797,0.01724,-0.11019,0.10365
0.01907,0.42463,0.00552,0.23279,0.05108,0.23569,0.06432,0.08089,0.07091,0.10732,0.16948
0.12428,0.40593,-0.00261,0.19492,0.06001,0.21998,0.07881,0.29096,0.06952,0.21942,0.14966
0.27392,0.53076,0.03552,0.17527,0.09270,0.28367,0.14469,0.42137,0.12331,0.46814,0.23310
0.45000,0.53616,0.20890,0.20445,0.17867,0.39062,0.19505,0.47575,0.21113,0.83237,0.27321
0.54923,0.33968,0.20658,0.24024,0.24731,0.34762,0.13207,0.40977,0.23871,0.54611,0.27821
0.72789,0.30525,0.21000,0.27974,0.26704,0.36156,0.20313,0.43662,0.29303,0.50305,0.23918
0.70815,0.37017,0.27059,0.31326,0.36284,0.37466,0.33179,0.54637,0.48251,0.66866,0.24324
0.80414,0.36911,0.43079,0.38826,0.36298,0.39958,0.42247,0.67548,0.90990,0.77805,0.31691
0.97196,0.34485,0.61540,0.41227,0.39811,0.43387,0.51699,0.71826,1.06677,0.70831,0.31734
0.86210,0.32605,0.49619,0.37111,0.43679,0.34626,0.66311,0.75733,1.11611,0.61151,0.24877
0.57313,0.23059,0.38415,0.25189,0.19111,0.21083,0.45434,0.55322,0.39971,0.36271,0.12351
0.54615,0.14288,0.28111,0.18699,0.19757,0.26886,0.36281,0.77955,0.23465,0.30622,0.10069
0.58027,0.09622,0.28520,0.08135,0.30281,0.23726,0.26369,0.62105,0.18239,0.14486,0.11145
0.46867,0.09340,0.49752,0.03509,0.30262,0.16731,0.18469,0.55905,0.16033,0.03865,0.07036
0.46449,0.06082,0.53022,0.03929,0.42945,0.15467,0.15801,0.55591,0.13650,0.00158,0.06309
0.56221,0.09692,0.51601,0.03135,0.48110,0.12667,0.14358,0.46474,0.10943,0.04200,0.04428
0.50141,0.08174,0.65416,0.06626,0.51950,0.11801,0.21204,0.39018,0.11672,0.09415,0.04983
0.33537,0.09856,0.78501,0.10764,0.44211,0.12855,0.19015,0.37067,0.11726,0.15309,0.04300
0.27517,0.05045,0.58168,0.04370,0.39389,0.07783,0.08368,0.23226,0.08557,0.04167,0.00976
0.38590,0.07321,0.37280,0.06615,0.51493,0.07747,0.06938,0.25383,0.08851,0.11548,0.01600
0.29047,0.07283,0.25957,0.05746,0.55913,0.05395,0.03921,0.23185,0.07095,0.13343,0.00684
0.13119,0.01509,0.18748,0.02456,0.54282,0.05839,-0.00643,0.15044,0.09131,0.06480,0.00419
0.12161,0.06109,0.23019,0.07247,0.50818,0.11505,0.03414,0.15524,0.15251,0.15796,0.06907
0.05949,0.01020,0.29552,0.06306,0.56129,0.10261,0.03641,0.13654,0.13329,0.16153,0.06924
0.07147,0.00399,0.35666,0.09606,0.58986,0.13589,0.17071,0.18174,0.15866,0.31639,0.08831
0.15058,-0.00792,0.31836,0.12112,0.71659,0.12111,0.18783,0.31048,0.12805,0.39319,0.10167
0.13731,-0.00295,0.18188,0.07958,0.64997,0.08687,0.15494,0.23766,0.10246,0.33746,0.09568
0.04621,-0.02159,0.12361,0.07729,0.47772,0.06420,0.11363,0.24568,0.06661,0.24267,0.05334
0.04113,-0.01976,0.07234,0.04537,0.49014,0.26632,0.05472,0.18924,0.06494,0.17061,0.03891
0.04274,-0.03581,0.04420,0.03988,0.52881,0.68073,0.04714,0.16176,0.04381,0.16509,0.06014
0.08454,-0.01298,0.03810,0.04701,0.64278,0.76488,0.07618,0.20358,0.07465,0.28201,0.10961
0.08160,-0.00860,0.03977,0.01385,0.48552,0.98460,0.06639,0.20788,0.06593,0.28741,0.11463
0.16014,-0.03323,0.03719,0.00734,0.49537,1.06443,0.10548,0.28369,0.08580,0.32081,0.13401
0.37283,-0.01799,0.12802,0.04877,0.66575,0.75963,0.13922,0.32824,0.09204,0.40982,0.14818
0.43783,-0.03906,0.12302,0.01691,0.76504,1.00277,0.10197,0.25951,0.07530,0.36878,0.14630
0.30929,-0.03973,0.00220,-0.01296,0.42316,1.28309,0.08933,0.16387,0.04978,0.21191,0.11681
0.24391,-0.02723,-0.05319,0.00571,0.33422,1.11466,0.05239,0.10436,0.03889,0.10809,0.13236
0.16605,-0.02438,-0.04432,0.07327,0.24350,0.92030,0.10975,0.06186,0.07735,0.11526,0.14211
0.10209,-0.03376,0.06004,0.19891,0.11641,1.32669,0.15346,0.11568,0.09545,0.14228,0.12298
0.19322,-0.01369,0.15520,0.23596,0.17670,2.20960,0.20995,0.19151,0.17541,0.16821,0.21858
0.21094,-0.02823,0.12761,0.24204,0.18363,1.20789,0.20978,0.20834,0.16796,0.14888,0.25122
0.21884,-0.03025,0.15412,0.26423,0.15913,0.33019,0.21964,0.19518,0.16383,0.12788,0.23944
0.15293,0.00559,0.16108,0.30059,-0.00081,0.23353,0.21870,0.16336,0.15961,0.07116,0.20302
0.19165,0.02672,0.16308,0.37920,0.03415,0.19414,0.23545,0.14968,0.20197,0.05838,0.19667
0.12742,0.02907,0.13025,0.47450,0.01851,0.12453,0.24098,0.05751,0.14634,0.05630,0.17067
0.15941,0.05691,0.11464,0.55538,0.01434,0.16365,0.27370,0.05253,0.14779,0.06551,0.19383
0.25822,0.08460,0.12900,0.59212,0.09618,0.18538,0.27515,0.09390,0.13029,0.06950,0.15456
0.36264,0.13003,0.19451,0.52440,0.26568,0.18114,0.27379,0.15087,0.14103,0.14588,0.10149
0.36477,0.13952,0.22356,0.50156,0.33054,0.12251,0.27130,0.17727,0.10732,0.21561,0.02913
0.31903,0.08889,0.14011,0.33572,0.24208,0.09540,0.21518,0.13686,0.05322,0.12311,-0.00757
0.41037,0.10789,0.07703,0.26020,0.37353,0.05168,0.18317,0.07463,0.04892,0.09017,-0.00683
0.47313,0.09327,0.02911,0.30897,0.45730,0.00289,0.19024,0.03720,0.02940,0.11372,-0.01323
0.25943,0.05351,-0.06078,0.15009,0.38880,-0.11457,0.07635,-0.12634,-0.04013,0.04540,-0.04691
0.23896,0.01344,-0.10417,0.13559,0.40716,-0.12735,0.08600,-0.14822,-0.07737,0.00894,-0.02859
0.13136,-0.04074,-0.19876,0.08635,0.43250,-0.16277,0.06241,-0.21960,-0.12669,-0.07888,-0.05890
0.12759,-0.02583,-0.17682,0.01378,0.39569,-0.12177,-0.00792,-0.20797,-0.13762,-0.08753,-0.08677
0.16597,-0.00829,-0.20290,-0.03246,0.42011,-0.13256,-0.05679,-0.20591,-0.12462,-0.10009,-0.10715
0.14220,-0.03161,-0.20157,-0.05199,0.39341,-0.14022,-0.09617,-0.15715,-0.12779,-0.09072,-0.09186
0.12778,-0.04755,-0.19125,-0.06859,0.32054,-0.14566,-0.08368,-0.16194,-0.11760,-0.06678,-0.04936
0.15145,-0.05296,-0.21628,-0.07350,0.29364,-0.20254,-0.05062,-0.18477,-0.14192,-0.06401,0.00044
-0.02176,-0.08376,-0.25618,-0.11706,0.13305,-0.22045,-0.03960,-0.18836,-0.17159,-0.11134,-0.00129
0.00153,-0.01072,-0.16742,-0.00696,0.09458,-0.15162,0.08721,-0.09639,-0.12924,0.00519,0.02580
-0.13754,-0.06838,-0.16558,-0.04139,-0.06595,-0.14115,0.05070,-0.08912,-0.14352,-0.07255,-0.00286
-0.40854,-0.14590,-0.31908,-0.22582,-0.35610,-0.25610,-0.16672,-0.29617,-0.31652,-0.26474,-0.12796
-0.43838,-0.19316,-0.38950,-0.23005,-0.41798,-0.25995,-0.13224,-0.30876,-0.39306,-0.30384,-0.15003
-0.42157,-0.17778,-0.38743,-0.20022,-0.49741,-0.26820,-0.09701,-0.31298,-0.37550,-0.30610,-0.16958
-0.38016,-0.13652,-0.33441,-0.11351,-0.44938,-0.26153,-0.15388,-0.24754,-0.33882,-0.20899,-0.11888
-0.42682,-0.17429,-0.39915,-0.13949,-0.46539,-0.37695,-0.16090,-0.32874,-0.38280,-0.22539,-0.15885
-0.48269,-0.17937,-0.37972,-0.15376,-0.46711,-0.38782,-0.25958,-0.33261,-0.41448,-0.23199,-0.24536
-0.39313,-0.14452,-0.28518,-0.08747,-0.42815,-0.31439,-0.23519,-0.25008,-0.36516,-0.18874,-0.23166
-0.35341,-0.14820,-0.24892,-0.14778,-0.38661,-0.31257,-0.21770,-0.25188,-0.32033,-0.18794,-0.22995
-0.34343,-0.11913,-0.22986,-0.07902,-0.36340,-0.27205,-0.18899,-0.22385,-0.30124,-0.14449,-0.20376
-0.26492,-0.08851,-0.16922,0.01045,-0.34134,-0.22613,-0.18139,-0.15136,-0.27065,-0.08352,-0.15682
-0.18426,-0.10624,-0.12523,-0.00966,-0.24312,-0.19616,-0.16098,-0.13442,-0.20891,-0.11147,-0.12189
-0.05739,-0.04879,-0.06730,-0.01249,-0.13128,-0.19407,-0.11909,-0.08101,-0.16491,-0.00390,-0.08699
0.46302,0.08766,0.35049,0.30287,0.33924,0.07035,0.13107,0.25344,0.21733,0.25775,0.05423
0.69235,0.22529,0.64081,0.39168,0.55822,0.19385,0.36893,0.72876,0.80387,0.49037,0.08228
0.55320,0.27628,0.65079,0.35216,0.72661,0.16262,0.34668,0.76316,0.88010,0.74046,0.13217
0.57344,0.26765,0.88924,0.34414,0.66740,0.25622,0.37879,0.76433,0.68013,0.72525,0.09819
0.74066,0.29385,1.73067,0.30945,0.62018,0.43705,0.34302,0.88261,0.85237,0.77871,0.14790
1.28915,0.36639,2.60859,0.44170,0.78323,1.05090,0.69224,1.27330,1.44922,0.97077,0.38262
0.66562,0.33499,1.78533,0.32764,0.55507,0.55903,0.52311,0.89304,0.98369,0.70531,0.32206
0.27202,0.27413,0.80363,0.18726,0.17051,0.30333,0.33047,0.60067,0.55533,0.50390,0.24996
0.21783,0.19465,0.52557,0.10765,0.03471,0.25031,0.19763,0.53107,0.55692,0.39671,0.15523
0.27112,0.18657,0.55949,0.08765,0.09070,0.26732,0.13534,0.58313,0.55203,0.39996,0.14874
0.06227,0.08508,0.18594,-0.05172,0.02193,0.09108,0.02534,0.12942,0.29532,0.23287,0.09797
-0.02702,0.03616,0.15057,-0.05929,0.02012,0.08526,0.04305,0.06529,0.24231,0.13528,0.09470
0.02742,0.08174,0.18853,-0.06059,0.03847,0.11155,0.09407,0.15032,0.27359,0.18156,0.11465
0.13644,0.09780,0.28494,-0.04020,0.10534,0.17652,0.14308,0.30153,0.32232,0.20238,0.12332
0.20290,0.10620,0.33180,-0.07113,0.15564,0.23564,0.13328,0.41542,0.25247,0.15470,0.08142
0.21038,0.08467,0.27454,-0.05424,0.14477,0.19639,0.10472,0.30383,0.22440,0.17196,0.11773
0.28458,0.18925,0.27697,0.01277,0.29317,0.23891,0.14184,0.37123,0.28065,0.26515,0.15637
0.22643,0.13547,0.11973,-0.05098,0.26105,0.11259,0.12449,0.24235,0.14017,0.13969,0.10388
0.24107,0.08283,0.06402,-0.07479,0.18678,0.04059,0.15483,0.13380,0.08809,0.06095,0.10491
0.23837,0.10380,0.17887,0.04423,0.27823,0.07805,0.21539,0.15608,0.13500,0.13427,0.16715
0.26069,0.12506,0.23740,0.04469,0.30917,0.11692,0.22477,0.18174,0.13896,0.12035,0.18352
0.31490,0.15788,0.34961,0.02619,0.31014,0.12723,0.29023,0.22570,0.17954,0.12296,0.16731
0.09388,0.06951,0.15496,-0.05531,0.12091,-0.01135,0.10246,0.09368,0.01688,0.02836,0.08151
-0.02554,0.02179,0.06414,-0.08015,0.03411,-0.08378,0.03974,0.03049,-0.05483,-0.01190,0.07585
-0.06952,-0.00900,0.03310,-0.03563,-0.03596,-0.07746,0.01272,-0.00061,-0.09485,-0.02017,0.08185
-0.05680,0.01189,0.00280,0.07688,-0.04925,-0.07229,0.03338,0.03431,-0.07978,-0.02451,0.09062
-0.12456,-0.03266,-0.04125,0.06661,-0.11145,-0.11361,0.02012,0.02665,-0.06607,-0.06427,0.09490
-0.10599,-0.01184,-0.00528,0.06661,-0.08824,-0.07981,0.04057,0.09344,-0.02722,-0.03942,0.08144
-0.10062,-0.00083,0.02642,0.05324,-0.10096,-0.04489,0.08581,0.10323,-0.01393,-0.01486,0.07992
-0.14014,0.02295,0.06168,0.03186,-0.12942,-0.00605,0.05782,0.09263,0.00236,0.02291,0.08078
-0.15607,0.01268,0.02248,0.00055,-0.15877,-0.03339,0.01939,0.08700,0.00459,-0.00803,0.05212
-0.14144,0.06279,-0.00913,-0.00857,-0.15422,-0.04364,-0.03055,0.04792,0.00728,-0.05979,0.03986
-0.13530,0.05238,-0.00817,0.07748,-0.16186,-0.04540,-0.00543,0.07675,0.02902,-0.01921,0.07351
-0.12987,0.05187,-0.04192,0.08056,-0.13291,-0.00124,0.05476,0.12136,0.04445,-0.01668,0.08748
0.01824,0.15004,0.16000,0.25656,0.01844,0.19040,0.27264,0.31843,0.24734,0.21467,0.15053
0.15877,0.22956,0.26233,0.27012,0.05279,0.34663,0.35368,0.44532,0.34380,0.24909,0.13958
0.14564,0.21840,0.17825,0.18140,0.03285,0.28664,0.30062,0.35622,0.32049,0.14281,0.10630
0.03010,0.14868,0.11502,0.08966,-0.01965,0.25699,0.19438,0.25683,0.23881,0.05474,0.03611
0.03873,0.12807,0.12006,0.09038,0.03167,0.32951,0.21823,0.21423,0.25091,0.09003,0.02336
0.05369,0.16928,0.12146,0.08592,0.07240,0.29201,0.21729,0.18912,0.23865,0.08162,0.04116
0.00479,0.17995,0.07939,0.06350,0.00899,0.24382,0.15677,0.13791,0.21530,0.01016,0.07403
0.01610,0.16706,0.07950,0.09329,-0.03675,0.22565,0.17138,0.18386,0.26711,0.01965,0.10740
-0.02907,0.22347,0.08996,0.11392,-0.00695,0.22656,0.17104,0.16100,0.27171,0.02216,0.13606
0.06506,0.32857,0.25905,0.14311,0.10922,0.37046,0.24600,0.30777,0.29320,0.15010,0.15251
0.12142,0.37115,0.31609,0.13011,0.16608,0.43610,0.24198,0.37895,0.21048,0.19261,0.09320
0.06018,0.41046,0.36056,0.17829,0.12496,0.47173,0.21578,0.35327,0.19326,0.24088,0.10486
0.07359,0.33623,0.39257,0.13637,0.07407,0.46578,0.23317,0.36804,0.13240,0.21964,0.10057
0.03980,0.27956,0.34908,0.12921,0.07710,0.32610,0.17856,0.32168,0.09113,0.21523,0.08287
0.11159,0.25151,0.40019,0.13496,0.12696,0.33799,0.20049,0.37657,0.15015,0.34523,0.11306
0.24078,0.25515,0.44556,0.14883,0.15522,0.41950,0.29972,0.44128,0.16872,0.41404,0.20308
0.22341,0.24233,0.39645,0.06959,0.08186,0.42027,0.29424,0.39219,0.10580,0.35934,0.18512
0.16401,0.17999,0.31192,0.01564,-0.02988,0.33932,0.27829,0.35784,0.06207,0.33214,0.16273
0.13963,0.05974,0.28011,-0.05596,-0.06136,0.26978,0.22164,0.29644,0.03927,0.29587,0.14165
0.20520,-0.01077,0.31560,0.00983,-0.04205,0.32621,0.20958,0.32630,0.03296,0.30300,0.14245
0.28234,-0.04898,0.26118,0.01913,0.00689,0.29334,0.17445,0.35876,0.02145,0.32874,0.12735
0.17663,-0.12301,0.10833,0.02382,-0.03645,0.17100,0.13367,0.30341,0.01148,0.21174,0.10190
0.21270,-0.05708,0.11255,0.09927,0.03350,0.20670,0.17958,0.31261,0.12206,0.26369,0.14292
0.24852,-0.07564,0.04697,0.04870,0.00726,0.10894,0.13125,0.24217,0.09865,0.20251,0.09147
0.23762,-0.00330,0.04210,0.11161,-0.00991,0.10407,0.09891,0.21156,0.14311,0.16308,0.09189
0.16518,0.02625,0.04514,0.09453,-0.06677,0.14058,0.09506,0.19354,0.11550,0.12300,0.11340
-0.01451,-0.02488,-0.00407,0.03687,-0.21120,0.10040,0.06760,0.09071,0.07442,0.01904,0.10201
-0.07948,0.05040,0.08602,0.16938,-0.25005,0.12402,0.14290,0.12936,0.14035,0.06811,0.12683
-0.14856,0.10124,0.10051,0.22670,-0.33640,0.07981,0.17339,0.10793,0.17943,0.07647,0.13966
-0.20909,0.13634,0.13451,0.31467,-0.35098,0.06772,0.16323,0.09191,0.21672,0.05438,0.21140
-0.15992,0.25356,0.17416,0.38300,-0.28840,0.15050,0.31212,0.17569,0.19865,0.12837,0.19402
-0.20316,0.32342,0.12614,0.27513,-0.33773,0.12066,0.32033,0.15617,0.16200,0.12440,0.11494
-0.16103,0.36275,0.17058,0.27364,-0.29144,0.17497,0.41551,0.19284,0.14216,0.14507,0.12399
-0.12559,0.43357,0.17548,0.19650,-0.27972,0.24678,0.43996,0.20590,0.05348,0.16982,0.09201
-0.14067,0.37037,0.16622,0.14515,-0.35316,0.23780,0.43524,0.15651,-0.00743,0.14755,0.06312
-0.22993,0.34172,0.19906,0.15736,-0.44086,0.25664,0.44811,0.14731,-0.02436,0.09449,0.10074
-0.22444,0.23863,0.18407,0.16481,-0.47057,0.18747,0.49502,0.14474,-0.07036,0.07608,0.13530
-0.26022,0.19075,0.11121,0.24532,-0.45745,0.16128,0.45771,0.14868,-0.09219,0.08583,0.11698
-0.07909,0.28863,0.16367,0.37221,-0.33084,0.25219,0.44520,0.24475,-0.03097,0.23260,0.18310
-0.08037,0.22885,0.08019,0.28665,-0.27840,0.20634,0.43101,0.17565,-0.08229,0.25461,0.10397
-0.10670,0.13780,0.02988,0.20180,-0.24906,0.16707,0.37516,0.16249,-0.13071,0.20910,0.08305
-0.12596,0.02572,-0.06909,0.06356,-0.37959,0.06305,0.22516,0.04335,-0.22483,0.08111,0.07007
-0.11077,-0.07880,-0.08799,0.06455,-0.45054,-0.02350,0.07989,0.01671,-0.22083,0.03592,0.20111
0.15657,-0.05518,0.01842,0.08933,-0.27512,0.00202,0.10691,0.11672,-0.11889,0.12627,0.28002
0.20555,-0.06867,0.03493,0.07465,-0.32302,0.01109,0.20553,0.11213,-0.06286,0.15723,0.28081
0.14720,-0.05491,0.01453,0.15486,-0.30792,0.01589,0.19198,0.09670,0.00485,0.14535,0.37165
0.22076,-0.08979,0.00077,0.19196,-0.22248,-0.01770,0.13479,0.14609,0.07113,0.17041,0.43868
0.57089,-0.02590,0.02623,0.27035,-0.11658,0.01858,0.14723,0.25058,0.16771,0.29775,0.42782
0.75147,0.08581,0.09909,0.28130,-0.07584,0.13098,0.17662,0.27778,0.25392,0.44194,0.34699
