0.23974,0.33283,0.25303,0.16266,0.23073,0.37210,0.16162,0.20517,0.23538,-0.29829,0.18154
0.24837,0.33756,0.27843,0.17677,0.17862,0.40006,0.11586,0.16507,0.25240,-0.29560,0.14258
0.19630,0.10778,0.14584,0.09943,-0.01446,0.27093,-0.02491,0.05934,0.19895,-0.40593,0.06607
0.21123,0.21585,0.28372,0.13553,0.07819,0.26940,0.01510,0.10730,0.23544,-0.29467,0.05393
0.15435,0.31784,0.34029,0.23007,0.19250,0.27489,0.00159,0.12075,0.26001,-0.17447,0.01040
0.23162,0.42165,0.51065,0.31110,0.28823,0.33189,0.04014,0.21993,0.25110,0.08408,0.01129
0.14912,0.37369,0.37835,0.22320,0.15585,0.26149,0.02340,0.18469,0.20391,0.04774,0.05252
0.10966,0.36016,0.32136,0.20794,0.01420,0.23079,-0.05025,0.13478,0.20342,0.01567,0.06567
0.17901,0.52849,0.38720,0.17755,0.13801,0.26632,-0.00689,0.26228,0.24936,0.28560,0.13593
0.22249,0.59881,0.51575,0.24238,0.20319,0.32986,0.00781,0.28663,0.26659,0.38143,0.13576
0.19117,0.42824,0.46152,0.25270,0.04548,0.30626,-0.09558,0.23217,0.19939,0.07281,0.09963
0.12742,0.26412,0.37193,0.21618,-0.03874,0.20169,-0.20413,0.13444,0.18240,-0.03034,0.00078
0.07787,0.08336,0.25184,0.11952,0.03270,0.13291,-0.23777,0.02435,0.10692,-0.15477,-0.04364
0.01567,0.20178,0.18031,0.12333,0.01544,0.10517,-0.22811,0.03972,0.10429,-0.18657,-0.00614
0.03710,0.59484,0.25782,0.17042,0.15090,0.15852,-0.13921,0.11653,0.15889,-0.16614,-0.01562
0.03607,0.60102,0.14791,0.15004,0.12291,0.15924,-0.15161,0.04569,0.08785,-0.30010,-0.00163
0.09489,0.46246,0.08277,0.09955,0.08156,0.20034,-0.12574,0.03696,0.07327,-0.28073,0.02105
0.04428,0.33600,0.04553,0.04909,0.00044,0.14253,-0.15625,0.00326,0.06961,-0.35042,0.01381
0.00466,0.14816,0.00639,0.06061,0.03541,0.10720,-0.18715,-0.02745,0.05046,-0.37195,-0.01703
-0.06522,0.02711,-0.07586,0.00769,0.06515,0.09926,-0.17452,-0.10466,0.02481,-0.40445,-0.08116
-0.11326,-0.10499,-0.15024,-0.04136,-0.07019,0.07918,-0.17555,-0.17824,0.01359,-0.43172,-0.11498
-0.10952,0.04957,-0.15466,-0.05731,-0.13546,0.05591,-0.16380,-0.16433,0.03100,-0.39204,-0.10650
-0.07523,0.11722,-0.12259,-0.06971,-0.04051,0.07858,-0.04000,-0.12840,0.08195,-0.26169,-0.06673
-0.05686,0.36047,-0.05414,-0.03317,0.06753,0.18338,0.12534,-0.02652,0.07457,0.08749,0.06515
0.02604,0.50744,0.04027,0.05804,0.09221,0.23242,0.25861,0.11134,0.16280,0.54814,0.11531
0.08361,0.30031,0.06802,0.04385,0.17995,0.20919,0.21887,0.13900,0.15940,0.47085,0.04546
0.21455,0.39767,0.13300,0.03871,0.24068,0.26009,0.23311,0.24018,0.18922,0.68874,0.09952
0.23787,0.40215,0.29697,0.09589,0.27454,0.32019,0.23920,0.44121,0.30234,0.88522,0.11435
0.14793,0.19433,0.32307,0.13263,0.21312,0.33544,0.17898,0.41048,0.29327,0.64669,0.11941
0.27508,0.16576,0.34964,0.18372,0.28242,0.38768,0.28709,0.42734,0.28805,0.60686,0.12371
0.37630,0.29249,0.40275,0.21348,0.38843,0.45263,0.46870,0.48108,0.33529,0.77602,0.16450
0.37430,0.30805,0.48611,0.30437,0.36529,0.47963,0.61051,0.66598,0.40755,0.92809,0.26545
0.34595,0.37872,0.59971,0.34503,0.46692,0.44567,0.66610,0.67138,0.39285,0.77092,0.25413
0.34442,0.27315,0.53807,0.36944,0.57416,0.35347,0.61862,0.66234,0.23731,0.75418,0.19840
0.24929,0.09750,0.35138,0.32214,0.40356,0.19370,0.35573,0.53673,0.14796,0.43238,0.10780
0.28706,0.02034,0.30504,0.31611,0.42636,0.14758,0.23030,0.63676,0.18698,0.31989,0.07085
0.30935,-0.00102,0.33106,0.21962,0.45376,0.12188,0.20016,0.50004,0.17531,0.13852,0.11612
0.25617,-0.00458,0.36468,0.23174,0.32786,0.15484,0.20270,0.44993,0.17638,0.00081,0.13825
0.24559,-0.08639,0.36822,0.22442,0.42970,0.17552,0.19482,0.42070,0.18506,-0.06248,0.13655
0.24407,-0.11153,0.31672,0.12177,0.49223,0.16224,0.19276,0.38837,0.18488,-0.02746,0.13727
0.19409,-0.09804,0.38677,0.08954,0.55586,0.17052,0.26678,0.37136,0.21805,-0.00737,0.16977
0.13678,-0.02686,0.42571,0.07021,0.51352,0.17221,0.27371,0.33929,0.22835,0.00031,0.15461
0.03534,-0.08642,0.32003,0.04166,0.40480,0.08921,0.14357,0.25311,0.14169,-0.15197,0.10397
0.03216,0.00747,0.25666,0.05857,0.59750,0.08299,0.14378,0.27494,0.11989,-0.17590,0.09345
0.04636,0.01274,0.19736,0.04304,0.56950,0.07978,0.12942,0.27865,0.10106,-0.17738,0.07297
-0.04786,-0.04495,0.13683,0.00739,0.45822,0.06791,0.03075,0.17177,0.18841,-0.26155,0.07642
-0.07961,0.01001,0.16469,0.02136,0.41728,0.13359,0.07626,0.20334,0.28342,-0.17872,0.11809
-0.13019,0.04657,0.19722,0.02434,0.52478,0.13577,0.11307,0.17061,0.27568,-0.14007,0.14590
-0.11226,0.04816,0.20120,0.08263,0.69408,0.18153,0.22388,0.19972,0.30127,0.02620,0.14819
-0.12511,0.04836,0.18696,0.06596,0.97935,0.12469,0.24455,0.20959,0.24169,0.12071,0.13367
-0.16468,0.04635,0.08506,0.04984,0.86200,0.06664,0.22622,0.15001,0.20357,0.06373,0.12598
-0.19885,-0.00244,0.00934,0.04893,0.73828,0.04644,0.18353,0.11838,0.11057,-0.01487,0.05411
-0.20237,-0.01570,-0.03732,0.02864,0.84161,0.00647,0.07805,0.11152,0.10375,-0.06644,0.00854
-0.16570,-0.08294,-0.02203,0.06382,0.95340,-0.02190,0.03033,0.11769,0.08975,-0.03614,0.01316
-0.09055,-0.09744,0.00616,0.08907,1.13883,0.03447,0.03273,0.19375,0.19905,0.11799,0.04169
-0.04411,-0.19246,-0.00172,0.09017,0.81644,0.05355,0.05127,0.20158,0.19763,0.21690,0.03060
0.04194,-0.21032,0.02733,0.08590,0.74256,0.10658,0.11840,0.24452,0.24562,0.32452,0.06596
0.18803,-0.18115,0.08538,0.11094,0.99171,0.15038,0.19064,0.37533,0.21608,0.48282,0.08555
0.26800,-0.21715,0.08282,0.08863,1.08525,0.14975,0.09119,0.34710,0.13676,0.42190,0.09016
0.17861,-0.27283,-0.00487,0.01806,0.69393,0.13126,-0.00217,0.21098,0.08278,0.22979,0.06072
0.15408,-0.33061,-0.04603,-0.01761,0.59825,0.08326,-0.02939,0.15219,0.09396,0.07884,0.08752
0.22605,-0.28402,-0.01921,0.02426,0.43925,0.12822,0.02107,0.15236,0.15835,0.08868,0.11300
0.29027,-0.24994,0.07823,0.04647,0.22832,0.17540,0.02049,0.16404,0.18589,0.13599,0.09951
0.41716,-0.15566,0.20317,0.10990,0.27251,0.24474,0.11479,0.23385,0.32091,0.21493,0.18217
0.47858,-0.07756,0.20764,0.14729,0.27781,0.24392,0.12508,0.17027,0.28002,0.19312,0.21156
0.41867,-0.00652,0.16386,0.15527,0.25125,0.26557,0.11890,0.13727,0.28703,0.16991,0.22094
0.33858,0.06923,0.16610,0.11415,0.04815,0.23304,0.11005,0.08988,0.25908,0.11226,0.18128
0.32926,0.29937,0.23670,0.08342,0.12662,0.19166,0.08822,0.09829,0.29321,0.09397,0.18401
0.22259,0.37049,0.21064,0.04059,0.11613,0.12662,0.11346,0.03566,0.18280,0.05409,0.13917
0.21049,0.43178,0.21595,0.05754,0.06655,0.12553,0.14572,0.03805,0.20930,0.07065,0.16664
0.24092,0.46296,0.27716,0.08434,0.07363,0.11302,0.16193,0.09201,0.19903,0.07349,0.14196
0.36048,0.48793,0.34617,0.13888,0.25457,0.09648,0.22244,0.19564,0.16387,0.14989,0.07102
0.34974,0.76038,0.41197,0.12771,0.25169,0.05010,0.21974,0.24012,0.06626,0.25349,0.00232
0.16324,0.38494,0.31894,0.08003,0.12291,-0.00294,0.12054,0.18522,0.00751,0.14631,-0.05473
0.12719,0.35098,0.24150,0.06710,0.30592,-0.02385,0.11966,0.18720,0.00708,0.11566,-0.05618
0.11442,0.31098,0.21461,0.08567,0.40036,-0.04071,0.13530,0.17159,-0.00390,0.11767,-0.05392
-0.02668,0.02624,0.04459,-0.03292,0.10930,-0.13214,0.09120,0.06568,-0.09933,-0.01878,-0.09973
-0.04129,-0.07971,0.01606,-0.04620,-0.01900,-0.15780,0.12239,0.02459,-0.17020,-0.06014,-0.08386
-0.11985,-0.19677,-0.11760,-0.06652,0.01841,-0.20709,0.08581,-0.07540,-0.25773,-0.18944,-0.09910
-0.09586,-0.23835,-0.16828,-0.08966,0.03064,-0.16405,0.03072,-0.07572,-0.25534,-0.18245,-0.12455
-0.07879,-0.21163,-0.22021,-0.03853,0.02819,-0.15240,-0.03425,-0.10124,-0.23050,-0.16583,-0.12344
-0.03699,-0.23123,-0.22287,-0.04230,0.03277,-0.11843,-0.10909,-0.09797,-0.20552,-0.14973,-0.10110
-0.02081,-0.20218,-0.22765,-0.11312,0.06415,-0.06532,-0.12783,-0.11060,-0.16175,-0.09253,-0.06685
0.06202,-0.25933,-0.28918,-0.18150,0.12858,-0.10056,-0.11124,-0.15609,-0.17491,-0.11628,-0.02427
-0.02488,-0.30003,-0.34134,-0.16670,0.05354,-0.11653,-0.09994,-0.21912,-0.20195,-0.20060,-0.04409
0.18037,-0.15964,-0.23148,-0.09134,0.13343,-0.01500,0.08036,-0.12611,-0.14180,-0.07380,0.03136
0.03420,-0.27195,-0.21681,-0.10464,-0.08710,0.02300,0.03341,-0.17164,-0.14894,-0.18526,0.04250
-0.26491,-0.51761,-0.43096,-0.26598,-0.43234,-0.10721,-0.25531,-0.40932,-0.42107,-0.44459,-0.07779
-0.34836,-0.55127,-0.51299,-0.25243,-0.38737,-0.11801,-0.37165,-0.47039,-0.51304,-0.51952,-0.05695
-0.39814,-0.54621,-0.50193,-0.26406,-0.38519,-0.12040,-0.39035,-0.45175,-0.47401,-0.51761,-0.12041
-0.32483,-0.55671,-0.49705,-0.18300,-0.30191,-0.08847,-0.34088,-0.36581,-0.43143,-0.37502,-0.09596
-0.45237,-0.65950,-0.52720,-0.20598,-0.43592,-0.22064,-0.30655,-0.45621,-0.53950,-0.43692,-0.13185
-0.55297,-0.69920,-0.49336,-0.23520,-0.50070,-0.27417,-0.27221,-0.49147,-0.58828,-0.51128,-0.23084
-0.47367,-0.62282,-0.34986,-0.11815,-0.42613,-0.18769,-0.18538,-0.40306,-0.48459,-0.44220,-0.22037
-0.40431,-0.56599,-0.28567,-0.02369,-0.32007,-0.21180,-0.18639,-0.36875,-0.43897,-0.39572,-0.21208
-0.39835,-0.52547,-0.17958,0.06826,-0.31276,-0.17608,-0.14347,-0.30712,-0.40394,-0.32666,-0.15813
-0.30703,-0.47716,-0.04511,0.12906,-0.30562,-0.08338,-0.12259,-0.18542,-0.35701,-0.21917,-0.08095
-0.20146,-0.35318,-0.00090,0.15825,-0.26081,-0.07489,-0.16738,-0.13005,-0.27940,-0.15734,-0.06901
-0.03266,-0.15694,0.09354,0.15737,-0.05602,-0.12642,-0.12655,-0.00322,-0.23294,0.02758,-0.06808
0.47896,0.31011,0.82705,0.56482,0.58597,0.10224,0.20003,0.55430,0.17024,0.56274,0.10770
1.06478,0.33534,1.73713,0.76820,0.63739,0.26549,0.55934,1.33551,0.62114,1.32611,0.11332
1.58706,0.26835,2.09532,0.85095,0.79412,0.30104,0.67467,1.45548,0.63165,1.58709,0.18301
1.76981,0.71138,2.26606,0.85837,0.85454,0.42790,0.65465,1.29982,0.71272,1.49580,0.15337
2.11598,1.55246,2.90317,1.01813,1.04660,0.59600,0.55399,1.65049,1.09501,1.98912,0.20621
3.46596,1.88336,4.30137,1.32670,1.79402,0.90764,0.68237,2.32459,1.92795,2.76982,0.51010
2.65893,1.82393,2.61588,1.06380,1.35078,0.66486,0.50369,1.52185,1.28116,1.75541,0.47182
1.51700,1.24884,1.46630,0.70737,0.84846,0.53240,0.42226,0.94003,0.83839,1.10757,0.38739
1.25000,1.20039,1.29943,0.64056,0.72444,0.48867,0.29131,0.70224,0.76498,0.79992,0.27255
1.05661,1.36838,1.02171,0.59841,0.84113,0.43088,0.24959,0.59457,0.75903,0.73072,0.28540
0.59749,0.74300,0.59234,0.39520,0.61095,0.27049,0.25540,0.37761,0.49339,0.41764,0.25402
0.52036,0.32457,0.49441,0.42130,0.50121,0.31426,0.28063,0.31635,0.40715,0.36064,0.23453
0.59862,0.34210,0.51636,0.44883,0.52406,0.31710,0.36771,0.40789,0.51201,0.43883,0.23403
0.56515,0.53541,0.61041,0.40729,0.70465,0.33966,0.35502,0.52245,0.55305,0.49372,0.23189
0.51889,0.63269,0.60575,0.40006,0.82233,0.35281,0.35119,0.55502,0.43964,0.43805,0.18359
0.52357,0.47924,0.55815,0.36297,0.67898,0.30166,0.33483,0.56403,0.42981,0.41135,0.23212
0.72831,0.75984,0.61068,0.36953,0.95231,0.32874,0.38726,0.71144,0.53248,0.51226,0.28225
