0.32496,0.19639,0.12471,0.10036,0.39863,0.36364,0.22780,0.11937,0.12662,-0.06232,0.28465
0.35807,0.24166,0.12573,0.08297,0.29384,0.36969,0.25933,0.11135,0.18101,-0.03067,0.13029
0.28375,0.23250,0.05902,0.09154,0.17675,0.27657,0.14381,0.03558,0.13217,-0.13327,0.00701
0.46443,0.30446,0.13069,0.15985,0.25444,0.25901,0.22574,0.07688,0.19828,0.01837,-0.02185
0.25655,0.31504,0.16503,0.33359,0.30274,0.25844,0.20409,0.07588,0.24761,0.18180,-0.05016
0.20854,0.38707,0.22807,0.43081,0.28278,0.30473,0.19781,0.14398,0.30366,0.43478,-0.01094
0.01749,0.31993,0.16347,0.33096,0.19974,0.25147,0.08257,0.11752,0.25647,0.30999,0.04008
0.02450,0.35665,0.12574,0.30963,0.08187,0.24566,0.05367,0.08324,0.26543,0.24229,0.02200
0.04384,0.46356,0.19747,0.22810,0.07245,0.31516,0.10173,0.19424,0.32941,0.50479,0.08268
0.03905,0.58114,0.24513,0.33116,0.08091,0.38973,0.07374,0.20894,0.43583,0.56744,0.00977
-0.01144,0.43386,0.21443,0.44725,-0.04639,0.35754,0.00555,0.14176,0.46706,0.22099,-0.09744
0.05011,0.39094,0.19699,0.39392,-0.13224,0.23743,-0.05913,0.07044,0.36235,0.09174,-0.13534
0.02591,0.14061,0.14190,0.28090,-0.08772,0.15579,-0.09876,-0.03835,0.22359,-0.03457,-0.14663
0.07991,0.18102,0.07201,0.30367,-0.06527,0.12195,-0.07236,-0.06624,0.18137,-0.07834,-0.11706
0.11769,0.27979,0.11797,0.27943,-0.03344,0.16774,0.01485,-0.02217,0.20668,-0.09929,-0.10271
0.08064,0.31428,0.11241,0.26694,-0.08701,0.16097,0.03573,-0.09039,0.10778,-0.23494,-0.10085
0.17560,0.25091,0.08683,0.23397,-0.06263,0.20892,0.04592,-0.06811,0.08783,-0.21837,-0.06152
0.19002,0.16490,0.05324,0.15316,-0.05050,0.16356,0.05037,-0.08124,0.06525,-0.28215,-0.05308
0.21186,0.04397,0.01467,0.18386,-0.08579,0.12614,0.01645,-0.09103,0.04515,-0.26676,-0.07716
0.11977,-0.05760,-0.05104,0.08532,-0.10145,0.11411,0.02697,-0.15304,0.02680,-0.30843,-0.11030
0.06566,-0.16516,-0.11520,0.00564,-0.12152,0.07188,0.02151,-0.20915,0.01616,-0.36383,-0.14099
0.09590,-0.09846,-0.11820,-0.06751,-0.09482,0.05085,0.02161,-0.19220,0.01290,-0.31034,-0.11287
0.19048,-0.05486,-0.09610,-0.09246,-0.01208,0.06188,0.13518,-0.14232,0.05964,-0.20760,-0.04405
0.13226,-0.02303,-0.06113,-0.03853,0.09564,0.18031,0.23154,-0.05423,0.06216,0.03436,0.08226
0.26520,0.06668,0.00759,0.04222,0.13127,0.24311,0.25705,0.10659,0.16871,0.40430,0.15614
0.37954,-0.05213,0.06572,0.02972,0.19058,0.21143,0.25081,0.17367,0.19732,0.44106,0.15338
0.62380,-0.07620,0.14436,0.05200,0.19887,0.25496,0.31911,0.29042,0.25946,0.69376,0.21487
0.71055,-0.06644,0.20048,0.08581,0.22502,0.34148,0.26591,0.59015,0.36140,0.98696,0.27237
0.68894,-0.03516,0.17414,0.13951,0.15521,0.34700,0.19225,0.52310,0.34664,0.71910,0.25471
0.81957,0.00746,0.20330,0.16855,0.17073,0.39712,0.26582,0.52075,0.36735,0.62762,0.21541
0.71525,0.09427,0.29101,0.17871,0.26238,0.46303,0.38093,0.53809,0.45033,0.74237,0.24138
0.73885,0.11980,0.44162,0.24754,0.28697,0.50088,0.47333,0.74449,0.56441,0.82753,0.33824
0.87732,0.18583,0.47044,0.36365,0.26600,0.50169,0.49720,0.74791,0.58359,0.69862,0.30309
0.71335,0.12540,0.40742,0.50224,0.27948,0.41785,0.51871,0.64819,0.42254,0.58241,0.24655
0.48658,-0.01440,0.27177,0.44886,0.18676,0.23131,0.32560,0.49564,0.23919,0.35839,0.13815
0.54372,-0.04970,0.27383,0.43189,0.19540,0.17684,0.23568,0.50622,0.24518,0.27089,0.11383
0.47538,-0.04104,0.23432,0.40593,0.23138,0.14049,0.25073,0.34461,0.21202,0.07364,0.13139
0.31262,-0.05741,0.16920,0.46654,0.18789,0.18530,0.24503,0.31342,0.20729,-0.05938,0.11906
0.30794,-0.07969,0.15073,0.40723,0.30861,0.20859,0.26912,0.28652,0.19237,-0.10338,0.12277
0.34981,-0.10211,0.12761,0.22841,0.41093,0.19044,0.28954,0.28681,0.19751,-0.08623,0.12277
0.21405,-0.12362,0.17945,0.14620,0.49422,0.23098,0.34839,0.30609,0.23184,-0.05061,0.15636
0.10252,-0.11567,0.17485,0.15419,0.45811,0.23240,0.34853,0.30143,0.22739,0.00128,0.15644
-0.01750,-0.15402,0.11147,0.13570,0.38483,0.14726,0.27968,0.21479,0.13366,-0.12770,0.11015
-0.07705,-0.11861,0.09294,0.17501,0.57254,0.14941,0.26358,0.24759,0.11193,-0.13871,0.13111
-0.07261,-0.10326,0.08991,0.09656,0.54656,0.12359,0.22307,0.23867,0.08834,-0.10757,0.15337
-0.10567,-0.12759,0.05826,0.02613,0.45487,0.08713,0.11213,0.13892,0.17050,-0.15727,0.13989
-0.12725,-0.09123,0.08421,0.01555,0.39901,0.19366,0.12859,0.18310,0.26130,-0.08882,0.18688
-0.13955,-0.05691,0.11076,0.01162,0.49047,0.17911,0.13260,0.18361,0.25429,-0.05689,0.18788
-0.10678,-0.02788,0.16432,0.02404,0.59186,0.22476,0.32554,0.22729,0.26860,0.10788,0.18295
-0.05467,0.03679,0.17093,-0.05026,0.72039,0.18220,0.29429,0.22537,0.20755,0.19932,0.17620
-0.13293,0.06912,0.09538,-0.04685,0.63667,0.11858,0.21717,0.15692,0.17345,0.12587,0.14505
-0.21956,0.06791,0.05501,-0.00759,0.50246,0.11084,0.09634,0.11931,0.09510,0.03457,0.07978
-0.21964,0.07205,0.02491,0.00890,0.54367,0.06875,0.03683,0.11767,0.09584,0.00015,0.02666
-0.17198,-0.00009,0.04002,0.01899,0.63048,0.03942,0.00465,0.12374,0.08570,-0.00737,0.02780
-0.07698,-0.02295,0.06206,0.03196,0.78874,0.10609,-0.00662,0.20155,0.18615,0.13728,0.04499
-0.00413,-0.07727,0.06648,0.01846,0.66206,0.10633,0.02807,0.22519,0.17678,0.19503,0.01385
0.09446,-0.09628,0.08419,0.05630,0.59459,0.15633,0.11855,0.26419,0.21509,0.22273,0.00084
0.34564,-0.07876,0.11718,0.11164,0.78749,0.20608,0.14239,0.41031,0.17670,0.31116,0.02831
0.44618,-0.09505,0.10048,0.10688,0.81469,0.18738,0.06618,0.40388,0.10082,0.27515,0.03132
0.25362,-0.12472,0.03296,0.07523,0.48127,0.18727,0.01198,0.24992,0.04660,0.12752,0.01371
0.22142,-0.17760,0.01109,0.07583,0.41289,0.14808,-0.03827,0.18641,0.05298,0.00953,0.03377
0.37357,-0.16179,0.04772,0.12745,0.32206,0.16610,0.02114,0.15591,0.11842,0.02019,0.05140
0.38411,-0.14119,0.12626,0.15848,0.13632,0.19175,0.05691,0.17882,0.15212,0.08832,0.05352
0.52044,-0.06746,0.20302,0.21953,0.19817,0.24073,0.18663,0.26788,0.27456,0.18919,0.11928
0.58319,0.01105,0.16746,0.20983,0.17719,0.19515,0.17910,0.21397,0.24525,0.13835,0.17825
0.58052,0.05289,0.14219,0.22923,0.13912,0.20113,0.18942,0.17971,0.25913,0.11016,0.18164
0.51026,0.18903,0.13902,0.18144,-0.00219,0.13271,0.20378,0.13679,0.23756,0.05876,0.15556
0.57527,0.41647,0.20441,0.15542,0.04388,0.09853,0.17110,0.14068,0.28062,0.06129,0.15967
0.37163,0.49141,0.20498,0.12854,0.05203,0.03981,0.15213,0.10968,0.18090,0.03455,0.16704
0.35371,0.57534,0.23754,0.11973,0.04220,0.04712,0.21194,0.09369,0.22558,0.08759,0.20312
0.44338,0.56561,0.26854,0.15186,0.07027,0.05458,0.27897,0.11787,0.22625,0.10610,0.15033
0.69654,0.45776,0.29675,0.16775,0.21009,0.04344,0.30540,0.21809,0.17655,0.19963,0.07964
0.59102,0.67202,0.31005,0.16711,0.11819,-0.00837,0.35495,0.25996,0.06836,0.27741,0.04483
0.40567,0.41774,0.22021,0.12249,-0.01459,-0.04550,0.28733,0.22278,-0.00438,0.16575,-0.03272
0.46150,0.40802,0.15376,0.12070,0.09913,-0.05769,0.25830,0.21941,-0.00919,0.12524,-0.04612
0.49545,0.34642,0.10479,0.14850,0.13059,-0.07210,0.16608,0.21461,-0.01731,0.08226,-0.01970
0.30306,0.03485,-0.03815,-0.02063,-0.00449,-0.16485,-0.02628,0.11094,-0.11093,-0.02789,-0.08866
0.20236,-0.09216,-0.06951,-0.03783,-0.04296,-0.18811,-0.00431,0.06894,-0.18029,-0.06120,-0.08107
0.15021,-0.22634,-0.18542,-0.02583,-0.01698,-0.23667,-0.01626,-0.02389,-0.24774,-0.19068,-0.12374
0.12591,-0.31394,-0.21956,0.01444,-0.03578,-0.20120,-0.06998,-0.03114,-0.24858,-0.21828,-0.20039
0.06352,-0.33298,-0.26188,0.11552,-0.09184,-0.19694,-0.18419,-0.07954,-0.19317,-0.19351,-0.26213
-0.05015,-0.34500,-0.28155,0.13284,-0.09666,-0.16093,-0.21233,-0.09530,-0.15817,-0.18621,-0.22864
-0.13296,-0.33993,-0.27966,0.01834,-0.02455,-0.12625,-0.19062,-0.10561,-0.11110,-0.15768,-0.20456
-0.16930,-0.40064,-0.31365,-0.09630,0.02160,-0.15824,-0.16887,-0.16345,-0.11540,-0.18419,-0.16359
-0.23223,-0.42030,-0.33871,-0.11446,0.00046,-0.16086,-0.18953,-0.22348,-0.11279,-0.25514,-0.18188
-0.09033,-0.38971,-0.22142,-0.08570,0.05534,-0.04876,-0.07265,-0.12358,-0.03496,-0.15926,-0.10733
-0.22809,-0.40031,-0.21964,-0.13882,-0.08808,-0.00711,-0.11230,-0.15680,-0.04556,-0.23379,-0.12326
-0.54505,-0.61282,-0.42020,-0.33965,-0.42431,-0.14546,-0.28843,-0.37674,-0.34696,-0.44447,-0.23720
-0.63019,-0.63366,-0.52159,-0.30112,-0.62140,-0.12744,-0.36894,-0.40296,-0.44888,-0.50479,-0.25321
-0.62332,-0.56678,-0.53421,-0.32450,-0.65431,-0.11218,-0.40920,-0.37315,-0.42942,-0.49908,-0.26052
-0.61481,-0.56662,-0.50541,-0.32284,-0.60842,-0.03973,-0.36546,-0.29633,-0.38411,-0.37330,-0.20863
-0.66976,-0.68615,-0.53225,-0.35295,-0.68230,-0.17456,-0.32546,-0.38606,-0.49391,-0.42601,-0.22134
-0.63798,-0.70555,-0.47549,-0.46108,-0.71996,-0.23963,-0.27208,-0.42738,-0.58721,-0.46886,-0.23008
-0.52633,-0.63887,-0.34724,-0.33587,-0.65598,-0.17035,-0.21211,-0.33782,-0.50320,-0.39872,-0.25206
-0.39749,-0.58014,-0.30986,-0.19709,-0.59952,-0.21649,-0.25256,-0.33084,-0.47376,-0.34734,-0.21873
-0.34591,-0.53761,-0.23329,-0.08299,-0.62594,-0.16964,-0.24591,-0.29254,-0.43286,-0.28533,-0.16704
-0.28320,-0.49583,-0.13390,-0.01983,-0.58538,-0.07533,-0.22110,-0.23879,-0.39751,-0.18523,-0.03174
-0.26409,-0.31704,-0.07613,0.07325,-0.48636,-0.07293,-0.26141,-0.23749,-0.30256,-0.12567,-0.03332
-0.07130,-0.06554,0.01643,0.07541,-0.32382,-0.12509,-0.20429,-0.16279,-0.26575,0.01357,-0.00155
0.62498,0.51350,0.72550,0.52904,0.55140,0.15952,0.03749,0.19753,0.06033,0.48329,0.19972
1.35748,0.43284,1.55499,0.75761,0.62587,0.21716,0.48173,0.42880,0.45936,1.02132,0.22315
1.22292,0.30541,1.84292,0.93329,0.58930,0.21807,0.59702,0.41198,0.52031,1.20533,0.22978
1.25004,0.84017,1.97619,0.98474,0.56293,0.34133,0.47045,0.44940,0.54172,1.07883,0.16368
1.55061,2.05135,2.47348,1.06512,0.75818,0.58664,0.37264,0.51537,0.84670,1.55502,0.27802
2.40753,2.46720,3.45679,1.45315,1.37149,1.35105,0.63141,0.92197,1.80428,2.05834,0.50286
1.93008,2.54715,2.11779,1.13837,0.80753,0.77289,0.38038,0.73156,1.22581,1.19826,0.44807
0.94902,1.87441,1.13168,0.80280,0.46984,0.59502,0.24421,0.63842,0.84854,0.70424,0.32972
0.70252,1.87484,0.96634,0.77971,0.41675,0.51887,0.23224,0.51055,0.69432,0.51117,0.19704
0.69260,2.22577,0.75706,0.73377,0.46631,0.44260,0.20371,0.47385,0.65457,0.46464,0.14000
0.36780,1.30847,0.44075,0.48909,0.25677,0.22542,0.19483,0.34938,0.38112,0.22790,0.12118
0.26902,0.59207,0.38680,0.53105,0.16540,0.26447,0.18646,0.30911,0.34983,0.20092,0.10163
0.37962,0.58553,0.44712,0.56293,0.20272,0.25573,0.25653,0.38272,0.47132,0.26020,0.12716
0.44962,0.80701,0.60142,0.62677,0.54175,0.29501,0.22016,0.49308,0.50761,0.35691,0.18855
0.45666,0.78358,0.63007,0.59454,0.77805,0.31966,0.20832,0.54978,0.38007,0.34165,0.13417
0.56484,0.60545,0.53542,0.56404,0.70805,0.27440,0.22219,0.57399,0.41110,0.34492,0.18153
0.77512,0.93615,0.55886,0.59090,1.10238,0.32114,0.31785,0.74589,0.51554,0.46507,0.22335
0.72476,1.06191,0.37174,0.59830,0.96878,0.21061,0.34190,0.59073,0.31258,0.36499,0.20605
0.71640,0.86370,0.38572,0.56478,1.03831,0.20086,0.41321,0.46683,0.25482,0.32946,0.20411
0.88059,0.65901,0.59528,0.53309,1.07998,0.23217,0.59496,0.46361,0.32472,0.42197,0.31243
0.95976,0.55277,0.65388,0.52986,1.11323,0.24497,0.60059,0.47703,0.35137,0.43626,0.37058
1.04103,0.61076,0.78226,0.57712,1.43519,0.29740,0.69422,0.54083,0.45258,0.45059,0.36744
0.56637,0.30585,0.54063,0.45741,1.14176,0.20638,0.33586,0.23241,0.20715,0.25331,0.24379
0.41145,0.18658,0.47874,0.41302,0.89574,0.12915,0.24483,0.12199,0.10262,0.15753,0.26710
0.23526,0.16787,0.42035,0.40181,0.60009,0.16034,0.16713,0.10515,0.01546,0.16724,0.29355
0.20261,0.18005,0.41020,0.45937,0.36908,0.17266,0.24207,0.12546,0.06137,0.21206,0.28612
0.11761,0.19595,0.32027,0.43650,0.17644,0.15316,0.20226,0.08250,0.07495,0.13600,0.27608
0.19366,0.22616,0.36379,0.44410,0.25257,0.18453,0.23549,0.15650,0.11362,0.14107,0.24704
0.21068,0.04081,0.43644,0.45014,0.19416,0.19537,0.29332,0.18663,0.13564,0.11662,0.24880
