0.15880,0.13144,0.40143,0.28709,0.16585,0.42772,0.26972,0.31711,0.13044,-0.25199,0.14700
0.21592,0.17148,0.44568,0.21865,0.18761,0.43173,0.19839,0.24542,0.14609,-0.25232,0.07911
0.11440,0.12600,0.32537,0.04080,0.00624,0.27661,0.07413,0.07411,0.13215,-0.34644,-0.01535
0.16789,0.24438,0.48289,0.07673,0.11700,0.29073,0.13701,0.11224,0.17608,-0.20089,-0.03240
0.19354,0.31721,0.44850,0.21595,0.22511,0.31015,0.13603,0.16030,0.19538,-0.12784,-0.10671
0.31276,0.50077,0.61125,0.34072,0.30089,0.34583,0.15629,0.27043,0.20214,0.16602,-0.09023
0.22517,0.36146,0.50097,0.22145,0.17989,0.28906,0.12849,0.21809,0.18076,0.09893,-0.03098
0.19215,0.27692,0.46349,0.18780,0.05552,0.25302,0.04979,0.14033,0.18794,-0.02016,-0.01244
0.26940,0.45334,0.52209,0.26500,0.16580,0.26957,0.05235,0.23273,0.25743,0.20380,0.07258
0.26903,0.53607,0.61258,0.37697,0.25320,0.34437,0.12333,0.27327,0.30979,0.24660,0.05955
0.21618,0.35278,0.44727,0.35511,0.08304,0.31396,0.01333,0.22866,0.27608,0.01871,-0.01111
0.13529,0.26624,0.30904,0.31575,0.03550,0.21321,-0.02127,0.11831,0.25489,-0.09527,-0.10530
0.08432,0.03587,0.17081,0.19573,0.11314,0.14526,-0.06077,0.04994,0.17473,-0.24427,-0.12363
-0.00076,0.10245,0.08518,0.23135,0.04557,0.13170,-0.09751,0.08043,0.14161,-0.26917,-0.08307
0.04633,0.27977,0.12446,0.42277,0.20090,0.18669,-0.04207,0.17730,0.18277,-0.25093,-0.08355
0.04435,0.30928,0.02642,0.40737,0.20759,0.19073,-0.13297,0.13275,0.09853,-0.31405,-0.08755
0.05112,0.32986,0.01020,0.24741,0.18153,0.21844,-0.13728,0.08405,0.05975,-0.28836,-0.04886
-0.00829,0.21803,-0.00551,0.14723,0.10490,0.15892,-0.15732,0.03767,0.05671,-0.36042,-0.02772
-0.07039,0.06439,-0.03104,0.18275,0.16088,0.11576,-0.16830,-0.01399,0.01628,-0.37909,-0.06495
-0.13402,-0.02465,-0.12155,0.06909,0.18808,0.08958,-0.20695,-0.07863,-0.01942,-0.40798,-0.12795
-0.17472,-0.03728,-0.19530,-0.01935,-0.03051,0.06491,-0.22522,-0.16022,-0.03692,-0.44053,-0.17416
-0.16476,0.02216,-0.19604,-0.02391,-0.07472,0.04230,-0.22943,-0.15209,-0.02486,-0.40409,-0.14704
-0.13134,0.11738,-0.16942,-0.03616,0.04251,0.06089,-0.10077,-0.13565,0.01998,-0.30189,-0.07881
-0.06797,0.26304,-0.09704,0.00874,0.11788,0.13348,0.07758,-0.04876,0.02464,-0.05699,0.08281
-0.00190,0.38903,-0.00054,0.15263,0.23070,0.18224,0.25059,0.02602,0.12164,0.32556,0.13713
0.05207,0.12128,0.02239,0.15811,0.34316,0.16609,0.20037,0.05924,0.13605,0.46136,0.09725
0.14485,0.08749,0.08722,0.16692,0.42564,0.22806,0.24309,0.15377,0.17246,0.83113,0.16166
0.17313,0.01685,0.20491,0.23148,0.47812,0.28191,0.30989,0.28214,0.29219,0.92585,0.22537
0.11219,-0.01104,0.21328,0.31856,0.53621,0.27018,0.36137,0.27912,0.31842,0.65929,0.24146
0.22838,0.03501,0.22308,0.24724,0.88771,0.29634,0.47300,0.32751,0.32676,0.64994,0.20204
0.34045,0.20386,0.28817,0.33072,0.93331,0.35322,0.66772,0.41823,0.38292,0.83990,0.23619
0.33101,0.31414,0.41496,0.44633,0.84459,0.40607,0.91630,0.55944,0.48067,0.95539,0.35722
0.29724,0.20457,0.52096,0.43196,1.00136,0.37818,1.06916,0.59248,0.48221,0.77502,0.35744
0.29445,0.05833,0.45580,0.46215,0.97835,0.30177,1.06748,0.61499,0.32402,0.69571,0.26062
0.20563,-0.08549,0.29959,0.38590,0.67566,0.18819,0.68611,0.51760,0.20704,0.38179,0.12163
0.22916,-0.09809,0.22399,0.34370,0.68336,0.14357,0.60345,0.71369,0.24000,0.30946,0.08131
0.26071,-0.05940,0.24863,0.15654,0.65385,0.11276,0.47657,0.58713,0.23418,0.09207,0.11730
0.23184,-0.04151,0.34512,0.07296,0.44647,0.11545,0.41672,0.51951,0.23887,-0.06363,0.12248
0.27433,-0.07684,0.31504,0.07367,0.46692,0.12101,0.36437,0.49191,0.23413,-0.12018,0.12354
0.28027,-0.07963,0.29198,0.00490,0.45807,0.11248,0.33330,0.40828,0.22320,-0.05879,0.10820
0.26100,-0.11038,0.37036,0.03283,0.42550,0.13913,0.37067,0.36359,0.24580,-0.02944,0.12499
0.21237,-0.06812,0.43942,0.09100,0.29260,0.16190,0.33545,0.27515,0.25337,-0.01162,0.10933
0.11162,-0.16471,0.29825,0.00477,0.23829,0.08605,0.17133,0.19288,0.17795,-0.16677,0.06288
0.15910,-0.14781,0.18925,0.00257,0.36453,0.08137,0.15605,0.19872,0.15184,-0.18305,0.07584
0.18902,-0.07978,0.11276,0.01996,0.36330,0.06976,0.09399,0.21397,0.13040,-0.17470,0.06854
0.08143,-0.07474,0.07146,-0.05401,0.24271,0.03966,0.02351,0.12774,0.20420,-0.23410,0.06937
0.00683,-0.04701,0.13473,-0.00709,0.22546,0.13227,0.10945,0.14889,0.29121,-0.14678,0.12951
-0.05385,-0.02463,0.19251,0.03528,0.26111,0.14909,0.11958,0.11553,0.27620,-0.10477,0.15519
-0.03671,0.00661,0.21371,0.16563,0.33883,0.19254,0.21477,0.13876,0.31319,0.08060,0.16763
-0.02088,0.08095,0.20768,0.20419,0.61545,0.16396,0.23247,0.17881,0.25781,0.17873,0.15725
-0.03031,0.09614,0.16008,0.10157,0.60073,0.12346,0.20213,0.13928,0.21807,0.16009,0.14907
-0.07529,0.06454,0.08280,0.07538,0.54567,0.11454,0.16224,0.13069,0.13095,0.07521,0.07468
-0.09137,0.02652,0.04485,0.06299,0.56916,0.07071,0.11862,0.10172,0.11767,0.03178,0.02336
-0.07542,-0.08014,0.03850,0.07141,0.59619,0.03083,0.10095,0.10548,0.10804,0.09819,0.03801
-0.02071,-0.04624,0.08264,0.11927,0.77568,0.08616,0.14174,0.17382,0.21620,0.28229,0.07681
0.02197,-0.02840,0.06872,0.12814,0.55019,0.07993,0.11646,0.19151,0.22684,0.40644,0.05344
0.09501,-0.01684,0.12894,0.13655,0.54092,0.11500,0.16951,0.23740,0.27367,0.49676,0.07431
0.24642,-0.04458,0.20976,0.27737,0.89455,0.15642,0.22778,0.37078,0.24857,0.67725,0.10909
0.36357,-0.01925,0.22422,0.26404,1.01935,0.11009,0.11608,0.35938,0.19684,0.63713,0.12344
0.24855,-0.00258,0.11754,0.09111,0.74175,0.08793,0.01577,0.24742,0.15616,0.33651,0.08652
0.21340,-0.09956,0.06765,0.02480,0.66839,0.03777,-0.02227,0.20144,0.14606,0.17742,0.11553
0.21675,-0.06657,0.03813,0.05966,0.53984,0.07268,0.03479,0.20887,0.19263,0.14817,0.13656
0.21408,-0.02257,0.12859,0.17766,0.33212,0.11365,0.06679,0.21522,0.23058,0.15336,0.12171
0.28170,0.08816,0.28079,0.27187,0.38544,0.17658,0.13877,0.26807,0.34863,0.23699,0.23174
0.24759,0.10776,0.27045,0.24791,0.43576,0.17603,0.12301,0.20815,0.31931,0.20080,0.29113
0.18473,0.17867,0.21069,0.28176,0.46372,0.19992,0.10888,0.19922,0.31433,0.16452,0.28679
0.13843,0.27480,0.20978,0.26232,0.23512,0.17692,0.11049,0.15726,0.27783,0.10999,0.23243
0.10357,0.39690,0.25397,0.23263,0.33690,0.16140,0.13830,0.14479,0.30117,0.08211,0.23038
-0.00378,0.42071,0.18702,0.23355,0.30245,0.09919,0.16835,0.06152,0.18445,0.04406,0.18522
-0.01650,0.52651,0.16984,0.25160,0.25160,0.09408,0.18853,0.06452,0.22125,0.05484,0.19651
-0.00093,0.52525,0.21004,0.26017,0.24047,0.08950,0.19410,0.11892,0.21053,0.07590,0.16258
0.07265,0.52827,0.29639,0.24015,0.40707,0.06418,0.27284,0.20833,0.16036,0.18221,0.09399
0.08438,0.69818,0.33648,0.24585,0.42921,0.01142,0.27898,0.24761,0.06253,0.29935,0.00867
0.02659,0.40702,0.30412,0.18885,0.28286,-0.04060,0.18700,0.15670,-0.02448,0.24340,-0.05083
0.03803,0.35511,0.23191,0.17579,0.47724,-0.04943,0.16577,0.13445,-0.02693,0.24072,-0.04897
0.07579,0.30860,0.19624,0.15149,0.61839,-0.06290,0.17431,0.12175,-0.03290,0.20285,-0.05403
0.00618,0.06537,0.03518,-0.00167,0.31064,-0.15478,0.12622,0.00774,-0.13591,0.04831,-0.10957
-0.00628,-0.04930,0.01554,-0.07282,0.13694,-0.17769,0.18790,-0.02350,-0.20337,0.00238,-0.09169
-0.09784,-0.19167,-0.12006,-0.15585,0.17438,-0.22833,0.14283,-0.14088,-0.29103,-0.13734,-0.09924
-0.07272,-0.26363,-0.13017,-0.19928,0.16617,-0.19020,0.08199,-0.13597,-0.28321,-0.09941,-0.12819
-0.02549,-0.28640,-0.16690,-0.19949,0.17185,-0.17315,0.05051,-0.14669,-0.24601,-0.06668,-0.13371
0.02247,-0.32574,-0.18790,-0.20687,0.16274,-0.13546,-0.01151,-0.11343,-0.20906,-0.06436,-0.11272
0.07906,-0.30293,-0.20751,-0.19394,0.16207,-0.08538,-0.01096,-0.09357,-0.16603,-0.03852,-0.08890
0.21268,-0.34019,-0.25900,-0.18289,0.15752,-0.10737,-0.00341,-0.12729,-0.17409,-0.05149,-0.05136
0.10612,-0.39593,-0.28526,-0.18328,0.01458,-0.11722,0.02368,-0.19401,-0.18763,-0.12595,-0.05472
0.29939,-0.28268,-0.17934,-0.02857,0.09313,-0.00887,0.19231,-0.07708,-0.11227,-0.00532,0.01279
0.13829,-0.28353,-0.16869,-0.06783,-0.12273,0.02245,0.10895,-0.10889,-0.14432,-0.14332,0.00405
-0.19039,-0.47411,-0.39491,-0.21083,-0.49232,-0.11783,-0.19083,-0.38685,-0.41558,-0.39041,-0.11978
-0.25652,-0.48126,-0.46174,-0.24766,-0.39790,-0.12050,-0.33508,-0.43311,-0.49568,-0.45106,-0.09965
-0.27976,-0.41865,-0.45609,-0.23359,-0.39246,-0.12634,-0.40143,-0.40320,-0.46013,-0.45204,-0.13242
-0.18997,-0.34815,-0.47498,-0.09930,-0.29619,-0.10406,-0.34252,-0.28824,-0.41340,-0.30172,-0.10325
-0.32210,-0.38604,-0.52751,-0.09522,-0.39348,-0.23668,-0.29970,-0.38670,-0.51347,-0.37345,-0.12145
-0.44629,-0.47248,-0.49511,-0.01575,-0.42663,-0.31847,-0.30375,-0.39595,-0.57512,-0.41014,-0.19217
-0.33829,-0.35310,-0.31738,0.03505,-0.36737,-0.23390,-0.20252,-0.28885,-0.48041,-0.31782,-0.18962
-0.27489,-0.32893,-0.23752,0.02514,-0.26622,-0.22510,-0.16666,-0.28783,-0.43909,-0.30150,-0.17203
-0.30195,-0.32607,-0.11263,0.09602,-0.20255,-0.16503,-0.14213,-0.23751,-0.41075,-0.23214,-0.13087
-0.20715,-0.20740,0.07402,0.17297,-0.18554,-0.08955,-0.13395,-0.08407,-0.36187,-0.13657,-0.03347
-0.15217,-0.15740,0.11776,0.10174,-0.16421,-0.09526,-0.13343,-0.04917,-0.25232,-0.10715,-0.00496
-0.01060,-0.09730,0.18411,0.10315,0.02923,-0.13381,-0.06069,0.08522,-0.19320,0.07869,0.00149
0.41596,0.33474,1.07763,0.40842,0.69843,0.11079,0.32061,0.77333,0.24555,0.55975,0.20641
0.80641,0.46425,1.97700,0.68277,0.67327,0.25041,0.68618,1.64388,0.74447,1.28752,0.20344
1.34154,0.42012,2.52867,0.80678,0.85308,0.27365,0.83313,1.61784,0.77268,1.54562,0.24773
1.59049,0.70398,2.92150,0.74804,0.83637,0.40936,0.86089,1.36517,0.86839,1.26305,0.18846
1.73903,1.43170,3.81303,0.90263,0.89806,0.60849,0.78541,1.77816,1.19890,1.64657,0.23172
