-0.00839,-0.06221,0.34760,0.11328,0.12702,0.28256,0.20347,0.16411,0.14056,-0.06323,0.36826
-0.00696,-0.07800,0.23594,0.13543,0.07774,0.29639,0.17550,0.14138,0.17342,-0.07959,0.29523
-0.01354,-0.09806,0.04558,0.13173,-0.00415,0.20033,0.10948,0.07592,0.14513,-0.11260,0.15444
-0.00246,-0.05098,0.06192,0.17886,-0.00395,0.21655,0.11977,0.14194,0.18608,-0.02742,0.10402
-0.00094,-0.01776,0.13403,0.25388,-0.01630,0.21683,0.21192,0.17145,0.20386,0.03852,0.07548
0.00599,-0.01437,0.27688,0.27075,-0.03248,0.19833,0.26779,0.20931,0.23368,0.17146,0.07349
0.03561,-0.05661,0.31811,0.20649,-0.07197,0.14825,0.28553,0.15244,0.18319,0.11784,0.08448
0.04556,-0.04998,0.27151,0.21432,-0.07154,0.15158,0.23188,0.10388,0.15705,0.05295,0.10919
0.04798,0.05263,0.34961,0.21175,-0.03192,0.19741,0.14705,0.20320,0.16871,0.12846,0.17415
0.05137,0.03703,0.40691,0.25959,0.01538,0.21637,0.08864,0.20319,0.17871,0.16110,0.13297
0.04888,0.03281,0.30846,0.31405,0.00319,0.19397,-0.04304,0.10368,0.14794,0.04111,0.06601
0.04996,0.03940,0.22716,0.36838,0.00031,0.14165,-0.10782,0.06798,0.13344,-0.03223,0.00655
0.05372,-0.04145,0.15346,0.28370,0.02643,0.06550,-0.11840,-0.01633,0.07497,-0.08307,-0.09634
0.02407,-0.02598,0.19684,0.25809,0.02932,0.03463,-0.08756,-0.07332,0.07203,-0.07313,-0.08328
0.02548,-0.01328,0.37828,0.25464,0.05910,0.06026,-0.04052,-0.04051,0.10621,-0.03770,-0.09507
0.03167,-0.03467,0.54450,0.34972,0.08335,0.03204,-0.08723,-0.06529,0.07294,-0.08146,-0.06466
0.02961,-0.02694,0.68783,0.40384,0.11187,0.04392,-0.14315,-0.07406,0.07406,-0.07732,-0.03030
0.01659,-0.03906,0.76342,0.42781,0.13365,0.02155,-0.16874,-0.10899,0.04762,-0.12790,-0.06166
0.01733,-0.03963,0.55664,0.46660,0.11369,0.01730,-0.19715,-0.13034,0.03244,-0.12276,-0.08457
0.00992,-0.04957,0.21668,0.46337,0.11908,-0.01928,-0.19968,-0.14388,0.01761,-0.12658,-0.14291
0.00238,-0.08727,0.12589,0.57756,0.07465,-0.04147,-0.18560,-0.17923,0.00709,-0.14674,-0.15395
0.00754,-0.04042,0.19655,0.53910,0.04452,-0.03737,-0.13871,-0.16690,0.00302,-0.11626,-0.14615
-0.00061,-0.01490,0.44938,0.31568,0.04451,-0.02657,-0.05243,-0.12346,0.03360,-0.08440,-0.08450
0.03736,0.04974,0.70887,0.31019,0.07585,0.02973,0.04298,-0.03087,0.05018,0.02677,0.06747
0.06474,0.11249,0.86821,0.42803,0.08633,0.10142,0.19289,0.12439,0.09376,0.18293,0.18469
0.11524,0.11497,0.59802,0.35979,0.06705,0.09858,0.17210,0.30246,0.08533,0.29500,0.12510
0.20190,0.16884,0.57140,0.48718,0.06002,0.15940,0.29356,0.41747,0.11218,0.50299,0.20113
0.27076,0.22950,0.67674,0.49949,0.04381,0.23386,0.33815,0.76693,0.18208,0.66912,0.21356
0.31975,0.14154,0.58969,0.70444,0.02377,0.22850,0.27283,0.89679,0.18437,0.52468,0.18446
0.40567,0.15125,0.65601,0.94322,0.04031,0.25529,0.36151,1.15210,0.21043,0.46787,0.19472
0.32898,0.19761,0.69591,0.91518,0.06838,0.27620,0.52864,1.46985,0.24082,0.52174,0.25863
0.31729,0.17839,0.75875,1.02771,0.06941,0.32545,0.73909,2.01338,0.28707,0.56426,0.38040
0.31451,0.19462,0.81939,1.09562,0.09674,0.33721,0.73314,2.19784,0.29567,0.46928,0.31603
0.29088,0.19921,0.70456,0.88970,0.15219,0.27750,0.68384,2.19160,0.21745,0.40249,0.24083
0.18509,0.10031,0.46745,0.64117,0.11511,0.17021,0.41961,1.05771,0.14823,0.28989,0.12212
0.15845,0.07908,0.47464,0.65403,0.10550,0.18198,0.27100,0.84782,0.17118,0.23357,0.08258
0.17547,0.06980,0.43119,0.53521,0.12972,0.12250,0.15923,0.80561,0.17451,0.12642,0.10193
0.13115,0.04465,0.32332,0.45572,0.11501,0.07511,0.07036,0.41114,0.16679,0.04312,0.11782
0.09057,0.02753,0.33515,0.43506,0.18715,0.06281,0.06633,0.45519,0.15523,0.02744,0.13999
0.06721,0.01456,0.26519,0.35187,0.20351,0.05758,0.05671,0.35431,0.13589,0.03220,0.14791
0.06725,0.01840,0.32877,0.20283,0.27440,0.07873,0.14746,0.32695,0.13968,0.02200,0.19634
0.07982,-0.00947,0.33670,0.15447,0.30823,0.10029,0.15813,0.27924,0.13633,0.06997,0.16751
0.05522,-0.02875,0.27806,0.11432,0.26139,0.04505,0.02911,0.12824,0.09179,-0.01857,0.10804
0.05905,-0.01465,0.26277,0.14299,0.37081,0.04033,0.01143,0.11062,0.08165,0.00112,0.11662
0.04542,-0.02072,0.24570,0.06934,0.35913,0.03635,-0.00892,0.13344,0.06144,0.04061,0.13646
-0.01352,-0.06975,0.17930,0.02627,0.22141,0.02636,-0.05589,0.06612,0.10159,0.01772,0.12810
-0.01632,-0.05960,0.20591,0.03292,0.19351,0.06952,0.00602,0.11542,0.16311,0.05249,0.20012
-0.05175,-0.07195,0.20130,0.01009,0.25517,0.07166,0.02783,0.10519,0.14665,0.08008,0.25278
-0.05277,-0.03720,0.27806,0.06373,0.32047,0.13436,0.14883,0.12434,0.16547,0.18115,0.28000
-0.04400,-0.01913,0.28282,0.07274,0.38685,0.13827,0.21843,0.20786,0.14497,0.19326,0.26598
-0.04191,-0.00560,0.16039,0.03778,0.30282,0.11340,0.20405,0.18198,0.12315,0.11898,0.23904
-0.06116,-0.02463,0.10777,0.04460,0.21318,0.09256,0.16352,0.17358,0.07759,0.05706,0.13601
-0.07788,-0.02545,0.07552,0.04012,0.23945,0.22600,0.09912,0.14741,0.05552,0.02156,0.07791
-0.07393,0.01259,0.07541,0.04157,0.25782,0.50975,0.09058,0.13397,0.03842,0.02584,0.10322
-0.06423,0.01461,0.09676,0.06070,0.29922,0.58994,0.11898,0.20414,0.07832,0.12579,0.13391
-0.08478,0.01644,0.10591,0.04879,0.22363,0.74341,0.13556,0.22360,0.07834,0.15289,0.11254
-0.07339,0.04704,0.13283,0.11637,0.18741,0.79522,0.24047,0.24031,0.10085,0.15731,0.11104
0.00724,0.07617,0.20095,0.26803,0.32431,0.59086,0.26413,0.31933,0.08612,0.20499,0.16164
0.05154,0.12618,0.27107,0.26285,0.30532,0.74436,0.18692,0.27558,0.04563,0.17950,0.14079
0.03169,0.11024,0.23060,0.20973,0.14522,0.91049,0.14186,0.17697,0.02896,0.06340,0.04360
0.00116,0.05632,0.08628,0.24571,0.12077,0.76152,0.07219,0.14284,0.01736,-0.02199,0.06132
0.00879,0.03963,0.08533,0.28219,0.11485,0.61115,0.07173,0.08622,0.05287,-0.01691,0.10368
0.01439,0.04168,0.13783,0.25666,0.03134,0.88712,0.04656,0.08279,0.07099,0.01300,0.08048
0.04415,0.16991,0.25334,0.25965,0.07531,1.48980,0.11290,0.15867,0.13260,0.05203,0.17699
0.08710,0.13889,0.23985,0.29407,0.06338,0.78114,0.13022,0.14188,0.13614,0.04191,0.20227
0.10526,0.09137,0.22696,0.32860,0.05922,0.15692,0.18480,0.13642,0.14347,0.03334,0.21610
0.10221,0.05656,0.19746,0.31032,-0.01386,0.12349,0.19426,0.08983,0.13708,0.00563,0.18421
0.16904,0.03711,0.21088,0.34070,-0.00195,0.10398,0.19209,0.08952,0.14603,0.01526,0.19762
0.13498,0.01020,0.16635,0.28594,-0.02521,0.04858,0.12905,0.05273,0.09062,0.01251,0.18536
0.13889,0.03279,0.16877,0.22322,-0.03950,0.07307,0.22237,0.05024,0.12684,0.02381,0.20980
0.16684,0.02738,0.23503,0.21253,0.01162,0.10443,0.29880,0.08750,0.12110,0.02385,0.16364
0.26377,0.00810,0.33919,0.23843,0.06543,0.11652,0.34990,0.18726,0.10025,0.07144,0.10873
0.27691,0.03096,0.35872,0.24576,0.02332,0.08135,0.36825,0.21813,0.07493,0.13871,0.05455
0.24025,-0.01715,0.32171,0.21616,-0.01171,0.04251,0.25497,0.19402,0.03158,0.09734,0.01789
0.28547,-0.05094,0.28164,0.24889,0.07146,0.00486,0.27296,0.18161,0.01839,0.06614,0.00473
0.31804,-0.04313,0.23072,0.31147,0.14086,-0.02699,0.22361,0.14845,0.01122,0.05476,0.03057
0.18005,-0.05921,0.08108,0.10469,0.17351,-0.12847,0.09810,0.04266,-0.05676,0.11670,-0.02200
0.15551,-0.08053,0.07827,0.07779,0.16022,-0.13770,0.03748,0.04802,-0.08291,0.31235,-0.03108
0.08843,-0.13565,-0.02779,0.00955,0.19806,-0.17975,-0.02086,-0.04612,-0.12670,0.17852,-0.08980
0.07816,-0.09824,-0.05347,0.01105,0.20104,-0.16336,-0.09016,-0.04340,-0.12343,0.08954,-0.15010
0.11232,-0.07039,-0.08356,0.03729,0.26253,-0.17501,-0.11110,-0.06265,-0.10655,0.04796,-0.16815
0.11776,-0.11738,-0.09022,0.01867,0.26271,-0.16786,-0.14678,-0.06866,-0.11323,0.09563,-0.13495
0.10213,-0.18686,-0.10133,-0.00180,0.32730,-0.16319,-0.15897,-0.07691,-0.10701,0.11707,-0.08902
0.05974,-0.21478,-0.15270,-0.04576,0.40809,-0.21176,-0.15546,-0.12927,-0.11762,0.08763,-0.02433
-0.05214,-0.21755,-0.21360,-0.06126,0.32702,-0.23513,-0.10785,-0.19744,-0.13218,-0.00150,-0.02901
-0.02008,-0.13616,-0.15334,-0.00075,0.25723,-0.15758,0.02095,-0.14764,-0.09559,0.07763,-0.03874
-0.12976,-0.13577,-0.14247,-0.02483,0.12632,-0.14047,-0.01576,-0.18579,-0.09679,-0.02197,-0.07810
-0.28753,-0.26226,-0.32768,-0.15088,-0.17961,-0.23380,-0.18517,-0.37185,-0.23051,-0.21336,-0.27037
-0.32341,-0.37857,-0.38672,-0.11918,-0.28814,-0.23155,-0.23336,-0.41621,-0.27607,-0.24631,-0.27459
-0.33577,-0.37733,-0.37935,-0.13969,-0.32324,-0.22561,-0.25475,-0.40384,-0.26357,-0.23702,-0.26856
-0.31670,-0.37146,-0.34787,-0.08867,-0.28956,-0.20450,-0.19950,-0.33709,-0.23883,-0.16435,-0.20978
-0.35352,-0.42412,-0.38055,-0.13638,-0.31841,-0.29556,-0.15503,-0.39607,-0.28949,-0.20344,-0.22815
-0.40228,-0.41932,-0.38298,-0.15768,-0.34311,-0.32419,-0.17166,-0.43034,-0.32061,-0.22411,-0.26668
-0.37815,-0.38361,-0.31633,-0.05703,-0.31535,-0.26336,-0.11220,-0.37024,-0.26635,-0.20036,-0.27775
-0.33926,-0.29994,-0.26176,-0.01933,-0.30444,-0.25074,-0.02142,-0.34614,-0.23301,-0.18593,-0.27864
-0.30767,-0.21944,-0.21110,0.04437,-0.33045,-0.19746,0.07619,-0.31887,-0.21011,-0.17278,-0.23766
-0.29059,-0.20182,-0.10177,0.08238,-0.29871,-0.11741,0.18421,-0.23438,-0.17922,-0.09648,-0.13407
-0.23605,-0.16708,-0.04890,0.07432,-0.20535,-0.08110,0.37214,-0.19051,-0.14196,-0.06773,-0.11183
-0.11659,-0.06388,-0.00680,0.03642,-0.12355,-0.07840,0.44322,-0.11899,-0.11060,0.03061,-0.07269
0.13794,0.20727,0.46740,0.19820,0.37870,0.15926,0.60983,0.29343,0.11258,0.30443,0.14030
0.34620,0.79865,0.78451,0.42397,0.34185,0.26822,0.81108,0.78550,0.35955,0.55367,0.16552
0.54744,0.75153,0.78620,0.52758,0.40744,0.23915,1.08839,0.95328,0.35651,0.68065,0.16081
0.74812,0.87165,0.82525,0.48815,0.36513,0.33376,0.98503,0.82145,0.36649,0.56050,0.15757
1.11511,0.98505,1.23319,0.54528,0.38962,0.46759,0.93974,0.98881,0.53760,0.68584,0.23362
1.72134,0.94166,1.83898,0.83313,0.61507,1.09468,1.40805,1.38723,0.94477,0.93703,0.45329
1.13109,0.83742,1.33477,0.59178,0.41368,0.82502,1.54719,0.85433,0.72834,0.52134,0.38014
0.59377,0.58097,0.73068,0.48802,0.23212,0.42292,0.83279,0.39028,0.40806,0.26978,0.29933
0.52030,0.61441,0.49844,0.49632,0.29031,0.35453,0.55046,0.25943,0.37014,0.18976,0.17499
0.67123,0.69420,0.41421,0.44255,0.26488,0.31571,0.23586,0.18774,0.35469,0.14277,0.12132
0.38203,0.32070,0.20595,0.25850,0.12489,0.07788,-0.00937,0.03763,0.22380,0.03215,0.07125
0.23635,0.05358,0.17514,0.30194,0.08934,0.07243,0.05073,0.00193,0.19212,0.01458,0.06958
0.26044,0.08066,0.20499,0.32189,0.09416,0.09494,0.06996,0.06946,0.27460,0.06620,0.10307
0.32126,0.17882,0.32382,0.36825,0.25904,0.14328,0.06749,0.15166,0.29985,0.09982,0.14075
0.29540,0.16115,0.42246,0.36262,0.32696,0.16408,0.07029,0.19097,0.23860,0.08871,0.09714
0.30197,0.14367,0.35824,0.32112,0.31807,0.12204,0.04385,0.20557,0.22048,0.12258,0.14161
0.39853,0.47293,0.41093,0.32572,0.48254,0.14920,0.06446,0.33253,0.27807,0.18580,0.19132
0.32317,0.53587,0.27160,0.20359,0.45948,0.03365,0.02897,0.25349,0.14653,0.09464,0.13073
0.35194,0.44039,0.23434,0.17147,0.44988,-0.02690,0.04034,0.17679,0.09233,0.07186,0.12283
0.42355,0.37581,0.33476,0.10840,0.40369,0.01298,0.10915,0.22293,0.16077,0.16733,0.20187
0.42488,0.37558,0.33498,0.05605,0.38516,0.03022,0.12007,0.24644,0.17834,0.16579,0.23130
0.45235,0.49115,0.43505,0.09179,0.52095,0.04202,0.19298,0.27018,0.24373,0.18459,0.22372
0.15429,0.22709,0.22980,0.05975,0.40958,-0.06411,0.04446,0.09006,0.05307,0.08288,0.14620
0.05148,0.10298,0.17183,0.00919,0.32595,-0.10624,0.01030,-0.01140,-0.02537,0.00649,0.15245
-0.02050,0.00726,0.12795,0.03123,0.22205,-0.09427,-0.02508,-0.03634,-0.05817,-0.01682,0.17279
-0.03835,-0.02117,0.05645,0.03812,0.12734,-0.08542,-0.01093,0.00375,-0.02163,-0.02082,0.19532
-0.09125,-0.04076,-0.04417,0.00364,0.02831,-0.11648,-0.07806,-0.03786,-0.01446,-0.06508,0.18718
-0.07997,-0.11759,0.00457,0.04703,0.06035,-0.08587,-0.02752,0.00844,0.02312,-0.06312,0.15717
-0.07169,-0.13411,0.02564,0.09909,0.04557,-0.05816,0.06183,0.02555,0.05506,-0.05147,0.16633
-0.07157,-0.15251,0.04096,0.12853,0.00441,-0.01637,0.03782,-0.00341,0.08123,-0.02402,0.13699
-0.10488,-0.16464,-0.00207,0.10001,-0.04067,-0.03585,-0.01211,-0.06553,0.07527,-0.04034,0.10302
-0.13390,-0.12745,-0.06862,0.16454,-0.03122,-0.05539,-0.05875,-0.05973,0.07431,-0.10744,0.08213
-0.15342,-0.14066,-0.08417,0.17978,-0.10980,-0.04888,-0.02465,-0.04165,0.10522,-0.09472,0.13747
-0.16091,-0.12808,-0.11542,0.14799,-0.12106,-0.00827,0.01343,-0.01909,0.11153,-0.09138,0.17579
-0.02149,0.14162,0.10003,0.22402,-0.02887,0.14225,0.16041,0.23050,0.30195,0.05433,0.26654
0.04951,0.23064,0.17872,0.29148,0.08558,0.27235,0.27039,0.42352,0.39525,0.08527,0.26556
0.06507,0.13568,0.12576,0.23051,0.08429,0.22124,0.24742,0.39548,0.35375,0.01096,0.22505
0.03927,-0.02097,0.14289,0.17631,0.04276,0.17527,0.18084,0.35487,0.25982,-0.02869,0.14405
0.08082,-0.01391,0.19137,0.20837,0.11299,0.22569,0.21383,0.38548,0.29907,0.01341,0.15095
0.07062,0.03018,0.19388,0.17261,0.09302,0.21661,0.21729,0.40290,0.29210,0.02016,0.17901
-0.00700,-0.01641,0.10528,0.17648,0.06402,0.17948,0.11459,0.32486,0.24704,-0.01400,0.22781
0.00355,0.07521,0.12426,0.21835,0.06995,0.18640,0.16078,0.38407,0.28450,0.00638,0.30867
-0.02049,0.10676,0.10565,0.24780,0.04311,0.18423,0.16445,0.38154,0.29640,0.03193,0.33543
0.02884,0.17567,0.25793,0.29387,0.14944,0.36460,0.24374,0.51965,0.32716,0.21295,0.31990
0.08342,0.23064,0.32149,0.35576,0.27491,0.41189,0.29191,0.58237,0.22787,0.28404,0.22706
0.07847,0.28299,0.36826,0.40305,0.21497,0.45395,0.28928,0.58306,0.22120,0.31174,0.24349
0.05411,0.17225,0.31796,0.45784,0.18755,0.63217,0.31936,0.55343,0.18269,0.24485,0.20738
0.05973,0.11433,0.23146,0.49162,0.13111,0.47901,0.27277,0.51947,0.15157,0.22749,0.13955
0.11178,0.27645,0.29060,0.54762,0.17792,0.48230,0.26178,0.54074,0.20803,0.32157,0.17149
0.14934,0.49620,0.40217,0.56342,0.19595,0.57758,0.34403,0.56002,0.23367,0.38853,0.23668
0.13345,0.51118,0.35449,0.48563,0.15924,0.55406,0.34414,0.48770,0.14793,0.33071,0.19187
0.08283,0.60128,0.26629,0.45255,0.07574,0.45094,0.33028,0.40165,0.09658,0.29024,0.15990
0.09331,0.74330,0.23655,0.37187,-0.00770,0.35604,0.33816,0.36817,0.08539,0.24292,0.12848
0.08707,0.82388,0.22088,0.41775,0.02296,0.35576,0.36619,0.39090,0.08864,0.29284,0.11952
0.12293,0.57665,0.22076,0.37182,0.14415,0.32290,0.26232,0.41820,0.07218,0.26925,0.10559
0.08933,0.28758,0.09075,0.27620,0.10599,0.18943,0.14421,0.26968,0.05107,0.14992,0.10403
0.13909,0.20025,0.10181,0.23769,0.16187,0.23495,0.17538,0.28487,0.16617,0.18206,0.18932
0.14253,0.23342,0.05476,0.17308,0.17515,0.12279,0.10851,0.23424,0.14187,0.13633,0.09859
0.15740,0.26226,0.08129,0.15365,0.18157,0.09040,0.09439,0.20935,0.16998,0.13495,0.08865
0.12439,0.30010,0.08980,0.12672,0.13911,0.11620,0.07189,0.17161,0.14529,0.12839,0.14193
0.02190,0.12814,0.02334,0.11239,-0.05344,0.08311,0.06451,0.05354,0.10799,0.01311,0.12762
0.04281,0.06417,0.03602,0.19417,-0.06897,0.10296,0.07061,0.09210,0.17956,0.04046,0.17453
-0.03058,0.05308,0.05185,0.20157,-0.20798,0.04067,0.07950,0.05460,0.22608,0.03459,0.22011
-0.06879,0.00968,0.03236,0.25452,-0.23294,0.00999,0.07055,0.02866,0.26259,0.02560,0.26803
-0.04115,0.12901,0.04079,0.28649,-0.12715,0.08812,0.13129,0.07697,0.24446,0.07903,0.22101
-0.05937,0.09810,0.00597,0.22778,-0.15520,0.04391,0.14772,0.03921,0.19646,0.06516,0.14255
-0.03184,0.18622,0.01424,0.27736,-0.17871,0.09657,0.26148,0.10429,0.17461,0.09011,0.13983
-0.01257,0.38895,0.01794,0.30784,-0.21491,0.15314,0.30905,0.14643,0.11663,0.09674,0.08817
-0.02352,0.45406,-0.01240,0.25514,-0.25275,0.13863,0.32495,0.10676,0.07164,0.06170,0.01585
-0.07830,0.33070,-0.00349,0.23383,-0.27030,0.18816,0.37509,0.09477,0.07441,0.01331,0.03941
-0.13271,0.26403,-0.03090,0.22228,-0.28673,0.14453,0.31236,0.00753,0.04387,-0.00723,0.09663
-0.17489,0.17996,-0.06126,0.21239,-0.30612,0.10876,0.25889,-0.02274,0.02892,-0.03235,0.06374
-0.16018,0.23149,-0.02705,0.24649,-0.20884,0.16236,0.18121,0.04870,0.06852,0.06468,0.10120
-0.18315,0.18668,-0.05018,0.13100,-0.23782,0.10194,0.19898,-0.07138,0.00037,0.08513,0.02526
-0.20016,0.13821,-0.08890,0.11741,-0.26876,0.07328,0.16205,-0.11448,-0.03427,0.10422,0.00525
-0.24227,0.05948,-0.15054,0.00123,-0.35389,-0.01465,0.00564,-0.21558,-0.11915,0.04581,-0.02839
-0.24208,-0.07928,-0.16758,-0.02837,-0.52414,-0.09429,-0.11669,-0.25563,-0.13220,-0.02698,0.05383
-0.15006,-0.07332,-0.05414,0.00684,-0.44947,-0.03997,-0.07538,-0.16956,-0.06733,-0.02326,0.09577
-0.10615,-0.07468,-0.05997,0.01380,-0.41027,-0.03875,-0.00013,-0.16264,-0.03345,-0.01608,0.10029
-0.14244,-0.08904,-0.08732,0.05514,-0.39066,-0.03512,-0.05132,-0.14435,0.01646,-0.00618,0.18462
-0.13128,-0.09259,-0.05500,0.09370,-0.38746,-0.07537,-0.10961,-0.09815,0.06517,0.01667,0.28817
-0.06684,-0.02932,-0.01490,0.17546,-0.39689,-0.05723,-0.10897,0.03231,0.13128,0.09864,0.32859
0.08595,-0.00985,0.02769,0.16813,-0.32495,0.04062,-0.04218,0.11833,0.18308,0.22453,0.26385
0.22271,0.02139,0.02978,0.08863,-0.25970,0.08201,0.01162,0.15199,0.17530,0.27512,0.29026
0.29556,-0.04182,0.00696,0.01035,-0.32931,0.03870,0.06793,0.11142,0.07541,0.20667,0.16122
0.54676,-0.03651,0.03856,0.08846,-0.31438,0.11549,0.03407,0.25175,0.08578,0.16065,0.23968
0.89542,0.05503,0.11175,0.15818,0.11339,0.28294,0.09181,0.46665,0.20853,0.22267,0.29973
1.36504,0.18301,0.25787,0.24929,0.63924,0.46641,0.26244,0.69900,0.32646,0.38280,0.26387
1.51422,0.21200,0.28319,0.30282,1.07421,0.59067,0.43673,0.74457,0.30306,0.52232,0.21408
0.97238,0.12515,0.16560,0.30958,0.07386,0.45628,0.39194,0.51738,0.15944,0.44249,0.19340
0.78821,0.19806,0.16758,0.34954,-0.13014,0.42052,0.25930,0.44030,0.17909,0.38900,0.23707
0.75409,0.23146,0.29496,0.40548,-0.18170,0.40608,0.39615,0.40114,0.16802,0.48267,0.21174
0.72710,0.19303,0.36444,0.34926,-0.22357,0.46374,0.47866,0.38707,0.17659,0.52670,0.21000
0.83823,0.13024,0.44719,0.28837,-0.12961,0.46989,0.50641,0.30107,0.09077,0.52653,0.13826
0.62891,0.18823,0.39946,0.32235,-0.20089,0.37770,0.43679,0.28839,0.08394,0.39947,0.23946
0.63906,0.26755,0.49961,0.42601,-0.08821,0.36758,0.50765,0.39766,0.16375,0.45006,0.25613
0.71468,0.37271,0.63675,0.47540,-0.00168,0.48470,0.67960,0.52357,0.23695,0.58478,0.32953
0.59743,0.49265,0.61722,0.36040,0.07424,0.37893,0.72800,0.40314,0.25805,0.60635,0.31625
0.47892,0.50663,0.70181,0.37457,-0.07620,0.30523,0.73716,0.31976,0.16671,0.49824,0.22265
0.56576,0.53780,0.85801,0.45698,0.04010,0.33607,0.85159,0.37211,0.12684,0.53881,0.14361
0.33239,0.68233,0.84675,0.40429,-0.00696,0.27045,0.84901,0.26722,0.04416,0.50494,0.07995
0.29590,0.80231,0.79706,0.39092,0.12898,0.30691,0.80557,0.35107,0.08270,0.62496,0.09803
0.36707,0.71576,0.80915,0.42461,0.41684,0.28182,0.75590,0.35843,0.06868,0.59737,0.10758
0.50927,0.78095,0.81047,0.40508,0.93755,0.32764,0.79100,0.42923,0.14571,0.57424,0.13396
