0.15586,0.01825,0.32626,0.30271,0.02701,0.19570,0.15919,0.06338,0.11176,-0.17534,0.13738
0.16373,0.00941,0.27081,0.32826,0.03708,0.20356,0.14913,0.05927,0.11938,-0.27717,0.13367
0.14678,-0.00713,0.10670,0.23130,0.01108,0.11957,0.18519,-0.05366,0.08941,-0.34741,0.09156
0.15168,0.03082,0.15559,0.34160,0.04717,0.11180,0.23469,-0.01305,0.11933,-0.26861,0.09148
0.09287,0.04460,0.21812,0.29739,0.08545,0.11911,0.25967,-0.00498,0.17456,-0.21133,0.06091
0.10085,0.07602,0.35276,0.36798,0.13009,0.15536,0.34398,0.06268,0.24077,-0.03703,0.03070
0.06397,0.06992,0.34815,0.27537,0.09725,0.15321,0.38120,0.09236,0.15853,-0.08645,0.05815
0.04028,0.01589,0.26406,0.17590,0.05882,0.12421,0.33128,0.07073,0.13302,-0.11789,0.09181
0.11174,0.07659,0.41371,0.23927,0.08505,0.17791,0.38430,0.15942,0.16406,0.06183,0.13046
0.18555,0.02876,0.55290,0.34004,0.09696,0.23006,0.42083,0.20716,0.20416,0.14891,0.12364
0.17966,-0.03436,0.43014,0.39203,0.07132,0.21907,0.37057,0.09358,0.18542,-0.08284,0.10165
0.14142,-0.07617,0.31542,0.48688,0.05734,0.17304,0.39857,0.02383,0.12664,-0.18894,0.06164
0.09351,-0.14191,0.18596,0.36883,0.07220,0.10173,0.27339,-0.06965,0.07735,-0.27891,-0.01037
0.03931,-0.10621,0.12608,0.42515,0.05588,0.08601,0.13362,-0.10855,0.07736,-0.26083,0.03060
0.00953,-0.08983,0.20971,0.49902,0.08782,0.11412,0.10755,-0.04005,0.10131,-0.19453,0.01028
0.02031,-0.11454,0.12391,0.61493,0.09178,0.13198,0.05997,-0.04368,0.07631,-0.26967,0.00197
0.03408,-0.08682,0.08206,0.72984,0.07137,0.18062,0.10287,-0.05484,0.07002,-0.25976,-0.00640
-0.01190,-0.09876,0.04148,0.84350,0.03373,0.18877,0.05701,-0.08044,0.04648,-0.29410,-0.03264
-0.01648,-0.10170,-0.01315,0.95590,0.03981,0.17015,0.01952,-0.11050,0.02714,-0.28869,-0.03020
-0.05566,-0.11260,-0.14745,0.97235,0.03324,0.14160,-0.02403,-0.16767,0.01342,-0.30413,-0.04978
-0.11348,-0.13700,-0.23605,1.19544,0.00528,0.05595,-0.07294,-0.22369,0.00812,-0.33675,-0.04882
-0.12102,-0.05597,-0.23294,1.17403,-0.01036,0.03332,-0.09793,-0.22064,0.00982,-0.29662,-0.02440
-0.14029,0.01675,-0.22794,0.70092,0.00581,0.05621,-0.03967,-0.15351,0.03842,-0.18627,0.01305
-0.13040,0.18655,-0.14232,0.65334,0.01255,0.09886,0.01787,-0.04844,0.05300,0.08417,0.12889
-0.06476,0.28199,-0.02585,0.89426,0.00906,0.18188,0.12354,0.11444,0.10673,0.44567,0.19159
-0.05584,0.22269,-0.02048,0.75794,0.02000,0.18805,0.16526,0.32335,0.09827,0.37332,0.09976
0.04170,0.30830,0.05058,0.98390,0.03981,0.23830,0.26984,0.45600,0.13660,0.58855,0.13855
0.07482,0.38325,0.27552,1.09243,0.02721,0.30763,0.35433,0.51899,0.20591,0.98030,0.16087
0.06614,0.23094,0.26240,1.45927,0.02484,0.26396,0.29295,0.45916,0.20012,0.64616,0.16939
0.11701,0.23120,0.25754,1.83396,0.05269,0.28219,0.32123,0.43768,0.22422,0.59441,0.19943
0.18632,0.29719,0.34794,1.72679,0.07785,0.31952,0.43543,0.50606,0.27053,0.73441,0.22330
0.27068,0.30540,0.59013,1.94113,0.07729,0.36753,0.51778,0.62570,0.31563,0.74524,0.26493
0.34884,0.27940,0.81621,1.89967,0.07621,0.40724,0.59700,0.67523,0.32159,0.67849,0.23101
0.36617,0.23453,0.70518,1.42704,0.11011,0.35945,0.73115,0.74860,0.25059,0.56536,0.15856
0.24350,0.13557,0.54848,0.90332,0.08267,0.24786,0.53016,0.56366,0.15818,0.28187,0.06517
0.28010,0.09661,0.43804,0.91871,0.08608,0.27825,0.46876,0.76314,0.16225,0.18964,0.02447
0.26756,0.06366,0.39999,0.69995,0.09948,0.23742,0.37975,0.53460,0.14584,0.06831,0.06808
0.19166,0.06448,0.53505,0.49342,0.08103,0.17827,0.26159,0.40931,0.14368,0.02050,0.10229
0.14396,0.04849,0.55206,0.44426,0.08105,0.18233,0.20931,0.38528,0.13275,-0.01453,0.11582
0.12995,0.05828,0.52588,0.33936,0.08869,0.15758,0.16466,0.28407,0.11469,-0.00406,0.09232
0.13682,0.03082,0.66544,0.18072,0.08952,0.16240,0.23600,0.25184,0.13421,0.02110,0.12522
0.12798,0.03373,0.79858,0.11334,0.07858,0.15456,0.25365,0.18123,0.14310,0.07081,0.10751
0.02169,-0.01073,0.60670,0.04320,0.06617,0.09978,0.15977,0.10262,0.10366,-0.04174,0.07398
-0.01804,0.01835,0.44478,0.06709,0.10724,0.09767,0.16437,0.11003,0.09744,-0.01834,0.09276
-0.04488,0.02751,0.30447,0.07179,0.11240,0.07323,0.16288,0.14194,0.06856,-0.00056,0.09032
-0.10708,-0.01089,0.22436,0.04195,0.08872,0.05488,0.08670,0.08165,0.09755,-0.05065,0.08908
-0.07585,-0.00315,0.32933,0.04271,0.06837,0.09387,0.13094,0.09602,0.14474,0.00742,0.17275
-0.11045,-0.03205,0.49042,-0.00821,0.07060,0.08512,0.09738,0.05474,0.13998,0.02855,0.22165
-0.10588,0.00272,0.66487,0.04443,0.07659,0.10868,0.17859,0.12646,0.15751,0.16774,0.24371
-0.10578,0.00099,0.80278,0.10008,0.12900,0.09871,0.19895,0.21023,0.17451,0.28711,0.18981
-0.11850,0.00546,0.69974,0.07199,0.14738,0.06684,0.16928,0.13937,0.15644,0.22588,0.18087
-0.14287,-0.01503,0.62967,0.07890,0.11820,0.04880,0.14439,0.14417,0.11207,0.17337,0.12014
-0.16862,-0.02342,0.53739,0.04753,0.11930,0.15467,0.15316,0.11178,0.10003,0.10177,0.08750
-0.16351,-0.02792,0.52396,0.01185,0.11331,0.38423,0.14090,0.10795,0.06675,0.11226,0.09764
-0.10805,-0.01472,0.48775,-0.00047,0.12741,0.44499,0.19052,0.17087,0.11251,0.21256,0.13388
-0.07077,-0.02257,0.29006,-0.04098,0.07854,0.56417,0.15756,0.16682,0.11484,0.25640,0.11735
-0.03050,-0.01818,0.30981,-0.01544,0.07610,0.62518,0.14697,0.20290,0.14619,0.37140,0.14252
0.05456,-0.00365,0.41743,0.03898,0.11606,0.47696,0.15371,0.24479,0.13577,0.46027,0.18003
0.07141,0.00647,0.38906,0.06571,0.13632,0.60398,0.12241,0.17041,0.10204,0.40290,0.14119
0.00319,-0.00878,0.18934,0.04778,0.10324,0.74976,0.09391,0.09801,0.07343,0.27798,0.05585
0.00232,-0.05406,0.09154,0.05012,0.11337,0.64456,0.05883,0.02835,0.07590,0.18336,0.06782
0.06267,-0.03709,0.04807,0.09867,0.22323,0.53750,0.11098,-0.01162,0.12293,0.20136,0.11892
0.10766,-0.03633,0.19786,0.18298,0.05193,0.77266,0.15287,0.02813,0.14748,0.21544,0.08680
0.21899,0.08309,0.32537,0.21881,0.09362,1.24885,0.20797,0.07258,0.23981,0.22685,0.19425
0.35016,0.07409,0.30153,0.23683,0.13053,0.68065,0.16043,0.07055,0.23115,0.20142,0.18936
0.39491,0.05263,0.33611,0.28902,0.11996,0.20373,0.14027,0.04521,0.23064,0.17507,0.17290
0.34741,0.05872,0.30185,0.40660,0.09390,0.13301,0.11393,0.04440,0.22012,0.11529,0.11761
0.39294,0.06385,0.28565,0.57692,0.22370,0.11228,0.13085,0.04501,0.25313,0.12015,0.12947
0.33222,0.05459,0.20983,0.56233,0.30624,0.06050,0.09473,-0.01408,0.17898,0.10433,0.09956
0.34586,0.10516,0.19129,0.56791,0.26427,0.08295,0.13626,-0.03051,0.19952,0.12827,0.10712
0.35250,0.15152,0.18994,0.52151,0.33613,0.09944,0.14004,0.00766,0.19151,0.14162,0.14239
0.45842,0.20883,0.27835,0.53556,0.60610,0.09436,0.14486,0.06066,0.18293,0.19837,0.11092
0.44539,0.28949,0.28566,0.60699,0.56236,0.04933,0.14735,0.10172,0.11357,0.23017,0.05176
0.22043,0.16396,0.15506,0.45068,0.29679,-0.00607,0.08941,0.06937,0.02513,0.11785,0.04459
0.17772,0.16433,0.06132,0.47807,0.43801,-0.04162,0.05136,0.04882,0.01649,0.09590,0.05482
0.18006,0.17265,0.00932,0.54360,0.30062,-0.08230,0.06655,0.03458,0.00061,0.13517,0.05789
-0.00339,0.09537,-0.12125,0.32733,0.09811,-0.17912,0.02748,-0.09580,-0.07887,0.09158,0.05363
-0.06321,0.05912,-0.18320,0.30625,0.01300,-0.18222,0.06057,-0.10669,-0.10549,0.04817,0.05494
-0.12845,-0.05434,-0.27837,0.16274,-0.04967,-0.22185,0.03868,-0.19489,-0.17367,-0.07153,0.02698
-0.14329,-0.07309,-0.25863,0.09510,-0.07079,-0.20286,-0.02720,-0.20466,-0.18088,-0.11954,-0.01471
-0.19251,-0.06575,-0.29552,0.10084,-0.20999,-0.21718,-0.07448,-0.22888,-0.15238,-0.14098,-0.01604
-0.20792,-0.08325,-0.30072,0.04002,-0.25582,-0.22347,-0.10331,-0.18295,-0.13955,-0.12891,0.00127
-0.20644,-0.11230,-0.29011,0.12908,-0.28315,-0.21788,-0.07420,-0.18433,-0.12731,-0.10801,-0.01150
-0.21775,-0.12681,-0.33458,0.07955,-0.30312,-0.25969,-0.04229,-0.21740,-0.15112,-0.12937,0.04978
-0.26308,-0.15017,-0.36651,0.02671,-0.37710,-0.29195,-0.00367,-0.22507,-0.16873,-0.19439,0.03217
-0.13783,-0.06071,-0.22991,0.18803,-0.35590,-0.22997,0.07856,-0.12559,-0.11691,-0.05777,0.03204
-0.18123,-0.11482,-0.21150,0.03958,-0.36248,-0.18529,0.04170,-0.13130,-0.12796,-0.14900,0.02340
-0.41039,-0.23802,-0.36401,-0.15067,-0.46361,-0.24039,-0.16719,-0.34039,-0.32098,-0.38383,-0.12215
-0.46623,-0.31579,-0.38725,-0.16590,-0.40181,-0.23337,-0.24088,-0.34225,-0.40401,-0.43088,-0.06568
-0.47788,-0.30313,-0.35052,-0.15626,-0.38141,-0.25107,-0.26006,-0.33014,-0.38735,-0.42866,-0.07038
-0.45208,-0.25076,-0.27694,-0.10396,-0.26793,-0.25061,-0.20462,-0.23479,-0.35886,-0.32286,-0.01408
-0.53020,-0.26284,-0.34710,-0.18252,-0.26114,-0.35258,-0.18730,-0.33778,-0.42931,-0.32938,-0.00153
-0.55716,-0.24839,-0.29957,-0.18599,-0.15346,-0.36970,-0.21368,-0.38600,-0.47648,-0.28442,-0.08575
-0.51052,-0.16570,-0.18192,-0.07857,-0.04740,-0.29851,-0.13415,-0.28466,-0.41586,-0.22854,-0.09596
-0.43907,-0.11328,-0.14728,-0.15018,0.04475,-0.26081,-0.14256,-0.26719,-0.38182,-0.21857,-0.09953
-0.38433,-0.04339,-0.06719,-0.12304,-0.11161,-0.19359,-0.13813,-0.22964,-0.35408,-0.15442,-0.06332
-0.31048,0.00097,0.07343,-0.10840,-0.03326,-0.10232,-0.11542,-0.16623,-0.32525,-0.06873,0.00005
-0.17433,-0.02534,0.05213,-0.14993,-0.04040,-0.05788,-0.15972,-0.15689,-0.26189,-0.07746,-0.02073
-0.02756,0.04486,0.09756,-0.11142,-0.08516,-0.08039,-0.11792,-0.08010,-0.22546,0.07899,-0.02106
0.43561,0.40169,0.64636,0.17826,0.28767,0.15033,0.08395,0.24674,0.13044,0.46121,0.12477
0.67177,0.69804,0.93387,0.79759,0.10010,0.22921,0.19943,0.45561,0.56140,0.72463,0.03275
0.71604,0.61855,0.95341,0.95171,0.08353,0.25958,0.20861,0.42928,0.60515,0.88272,0.08421
0.87161,0.65763,1.14421,0.87908,0.02989,0.31940,0.24726,0.38227,0.58777,0.85921,0.06682
1.67728,0.61573,1.64194,0.72718,-0.02002,0.50288,0.22214,0.53987,0.86803,0.90820,0.05616
3.51872,0.74907,2.32036,0.74884,0.08574,1.12379,0.50297,1.08069,1.44571,1.09000,0.22539
2.54638,0.59413,1.58481,0.46630,-0.03218,0.88083,0.39876,0.81184,0.95693,0.76866,0.22981
1.34535,0.31283,0.87295,0.26818,-0.14254,0.28734,0.25306,0.60558,0.61410,0.53345,0.18674
1.34021,0.24936,0.69500,0.17056,-0.10237,0.21763,0.16692,0.58537,0.53478,0.40756,0.09058
1.67285,0.28688,0.65132,0.14573,-0.04204,0.26495,0.07540,0.63256,0.53801,0.41835,0.09470
0.70317,0.13495,0.31084,0.03091,-0.08465,0.02241,-0.01570,0.21022,0.32489,0.19870,0.09738
0.28284,-0.01298,0.23408,0.02376,-0.11522,0.00646,-0.00992,0.11396,0.27598,0.14962,0.11417
0.38195,-0.00470,0.24058,-0.00350,-0.05443,0.06633,0.02934,0.17941,0.32790,0.17488,0.16637
0.61100,0.06115,0.29108,0.04762,0.15849,0.18922,0.09124,0.32982,0.35502,0.18402,0.19510
0.60264,0.06217,0.28428,0.01379,0.27316,0.20884,0.07891,0.44965,0.29382,0.19234,0.12034
0.54962,0.06382,0.26217,-0.02392,0.29790,0.15200,0.06184,0.34223,0.27072,0.23753,0.15205
0.72326,0.14317,0.29358,0.02927,0.76390,0.15162,0.14358,0.40445,0.34254,0.35223,0.17089
0.55577,0.04775,0.10818,-0.06242,0.69854,0.00785,0.13161,0.22295,0.18866,0.20731,0.13132
0.51019,0.01339,0.04257,-0.10540,0.79874,-0.05622,0.14584,0.14685,0.11462,0.14494,0.11925
0.56375,0.07194,0.11468,-0.04481,0.80561,0.00222,0.17410,0.18465,0.17626,0.21153,0.17890
0.61552,0.07708,0.12299,-0.05862,0.77059,0.03432,0.15300,0.21223,0.20731,0.19299,0.18207
0.63832,0.12357,0.21138,-0.03244,1.05068,0.03415,0.20069,0.24709,0.26403,0.22515,0.15966
0.24793,0.01855,0.05592,-0.12149,0.83074,-0.10011,0.03714,0.07161,0.07717,0.12180,0.10651
0.13624,-0.05602,-0.02620,-0.12842,0.66536,-0.16876,-0.02615,0.01147,0.01048,0.04515,0.10154
0.04850,-0.08710,-0.04155,-0.06133,0.52217,-0.17218,-0.04730,-0.01194,-0.06535,0.05587,0.08261
-0.04171,-0.09631,-0.07419,0.00736,0.42760,-0.17352,-0.01329,0.00832,-0.02918,0.03872,0.10181
-0.06131,-0.12691,-0.11018,-0.00476,0.22906,-0.18318,-0.00097,-0.01791,-0.02426,-0.02146,0.13857
-0.00519,-0.11149,-0.07260,0.04083,0.25203,-0.13493,0.01423,0.02897,0.00361,-0.00660,0.13261
-0.00506,-0.06864,-0.04063,0.06933,0.09495,-0.07120,0.05492,0.05297,0.01860,0.03141,0.14123
-0.01904,-0.05869,0.00717,0.09046,0.02730,-0.00781,0.04267,0.02590,0.03753,0.06321,0.10418
-0.09591,-0.08485,-0.02336,0.04329,-0.00912,-0.01490,0.00967,0.00664,0.03946,0.03241,0.05828
-0.13360,-0.06701,-0.01201,0.09223,0.03259,-0.02078,-0.01527,-0.01819,0.03974,0.01168,0.04963
-0.14210,-0.07516,0.05252,0.16632,0.05892,0.01760,0.00621,-0.00060,0.05680,0.06496,0.09440
-0.13806,-0.05867,0.04148,0.08281,0.07428,0.08369,0.05419,0.02782,0.06725,0.04885,0.10739
-0.00715,0.15996,0.25052,0.28264,0.42799,0.29049,0.29918,0.27124,0.28871,0.30113,0.15758
0.07003,0.24397,0.36405,0.29747,0.55887,0.47307,0.43077,0.35886,0.38056,0.31763,0.14747
0.06317,0.18860,0.26681,0.19556,0.49931,0.44924,0.42136,0.26680,0.35055,0.19547,0.11883
0.02267,0.07849,0.27267,0.12383,0.44166,0.37568,0.29210,0.18149,0.26784,0.12509,0.05177
0.05192,0.07321,0.32277,0.12595,0.63366,0.40339,0.32263,0.17636,0.28682,0.15426,0.06717
0.06318,0.11418,0.30900,0.09609,0.64516,0.38958,0.35693,0.18576,0.28361,0.14527,0.09544
-0.00766,0.09743,0.27268,0.08068,0.68468,0.31571,0.30371,0.14454,0.25829,0.06523,0.13829
0.04963,0.12606,0.27501,0.08909,0.71285,0.34195,0.33338,0.24711,0.30822,0.10231,0.20834
0.06342,0.18031,0.27353,0.13991,0.59875,0.36672,0.29070,0.23321,0.32714,0.07826,0.26315
0.16324,0.32701,0.37320,0.21920,0.67193,0.62978,0.35790,0.35842,0.38527,0.18947,0.26380
0.24164,0.41878,0.41916,0.25155,0.59220,0.63697,0.37735,0.40270,0.32997,0.25027,0.19400
0.28627,0.50402,0.46259,0.41793,0.35785,0.63433,0.34902,0.41993,0.32456,0.30859,0.21669
0.36736,0.39072,0.44200,0.41651,0.20348,0.79089,0.35736,0.42162,0.25756,0.29272,0.19532
0.37569,0.36589,0.40309,0.37753,0.10712,0.57680,0.27851,0.43276,0.21040,0.31221,0.13177
0.57926,0.49205,0.43464,0.39107,0.17977,0.56360,0.32333,0.54655,0.28857,0.47566,0.16289
0.80748,0.87552,0.52889,0.34771,0.23273,0.69159,0.47358,0.63602,0.28994,0.52625,0.23686
0.61700,0.91661,0.48693,0.31648,0.27978,0.63699,0.48952,0.53226,0.19504,0.50015,0.18536
0.42434,0.77370,0.37803,0.25098,0.17406,0.49063,0.49572,0.47197,0.14051,0.43582,0.15529
0.40541,0.61883,0.31385,0.15448,-0.03365,0.40883,0.45170,0.41203,0.11741,0.42826,0.11287
0.35886,0.74056,0.32466,0.22247,-0.01598,0.34316,0.33946,0.43014,0.09901,0.39154,0.12597
0.34588,0.68503,0.28463,0.25993,0.09821,0.29689,0.22775,0.44327,0.06791,0.39032,0.11398
0.34217,0.26610,0.19668,0.21797,0.08342,0.17366,0.16144,0.38515,0.05252,0.33413,0.10640
0.47666,0.23968,0.20975,0.25354,0.18317,0.23097,0.23482,0.41320,0.16742,0.40626,0.20315
0.46738,0.08927,0.13593,0.17998,0.22694,0.13177,0.20641,0.30801,0.14457,0.33289,0.13154
0.42163,0.11457,0.15463,0.21427,0.32098,0.10947,0.22893,0.28684,0.19495,0.29917,0.12290
0.34034,0.12893,0.17071,0.24111,0.38030,0.14224,0.25767,0.25561,0.16948,0.27626,0.16932
0.20430,0.04253,0.15468,0.24027,0.21222,0.10658,0.26197,0.13598,0.13828,0.18475,0.15525
0.20834,0.09828,0.20396,0.39866,0.18633,0.14350,0.35609,0.20998,0.26294,0.28021,0.21332
0.19354,0.12612,0.21730,0.42296,-0.02841,0.10253,0.36794,0.26213,0.31800,0.26191,0.26947
0.15667,0.14041,0.28785,0.48617,-0.08108,0.09021,0.33149,0.25414,0.37067,0.25507,0.35419
0.20907,0.24284,0.37137,0.52107,0.10273,0.17113,0.46406,0.35957,0.34163,0.33821,0.33158
0.22013,0.23738,0.39801,0.40126,0.16885,0.16840,0.57008,0.35964,0.28543,0.34819,0.22505
0.28302,0.30994,0.44787,0.39390,0.15286,0.25403,0.80161,0.41926,0.26916,0.42881,0.23555
0.24678,0.44127,0.44859,0.35861,0.10181,0.32660,0.77700,0.42085,0.20340,0.43613,0.21126
0.19871,0.45138,0.42945,0.30183,0.09157,0.34381,0.74874,0.38080,0.13762,0.39966,0.11843
0.17293,0.44140,0.47552,0.29250,0.15320,0.41068,0.79734,0.42253,0.14112,0.35800,0.14475
0.18526,0.35327,0.44046,0.35209,0.02714,0.37796,0.82855,0.40165,0.09516,0.32552,0.17926
