0.14911,0.22736,0.25932,0.18048,0.25921,0.38651,0.12405,0.23972,0.24031,-0.25127,0.18506
0.16585,0.26693,0.30024,0.17623,0.21832,0.40577,0.07569,0.20207,0.25354,-0.24412,0.14374
0.10687,0.09587,0.17527,0.06981,0.00672,0.26737,-0.05349,0.08903,0.19912,-0.35230,0.06297
0.13708,0.24090,0.32515,0.10207,0.11814,0.26803,-0.04242,0.13431,0.23106,-0.23217,0.04889
0.12561,0.35526,0.35470,0.21252,0.24742,0.27554,-0.05186,0.13649,0.25793,-0.12755,0.00095
0.21758,0.56045,0.52751,0.32625,0.35398,0.31092,-0.00337,0.21678,0.24777,0.12201,0.00148
0.14814,0.44795,0.40119,0.23540,0.20748,0.23510,-0.00116,0.19488,0.20948,0.07733,0.04451
0.12222,0.34783,0.34528,0.21459,0.04311,0.22148,-0.07505,0.14047,0.21063,0.04956,0.06065
0.18154,0.53247,0.39194,0.23791,0.17196,0.25271,-0.02701,0.24786,0.25383,0.30486,0.13408
0.24293,0.59026,0.51496,0.33551,0.24597,0.31791,-0.00527,0.28892,0.26523,0.37845,0.13442
0.22511,0.40894,0.44885,0.34972,0.09184,0.28232,-0.11869,0.24424,0.20602,0.08464,0.09578
0.16592,0.25114,0.38035,0.30950,0.00292,0.17759,-0.23865,0.14871,0.19142,-0.01364,-0.01213
0.11524,0.04491,0.26776,0.21557,0.07045,0.10913,-0.26133,0.05217,0.11897,-0.13113,-0.06298
0.06058,0.12699,0.17937,0.22399,0.04159,0.07806,-0.25216,0.07534,0.11466,-0.15665,-0.02103
0.09585,0.47772,0.23080,0.34351,0.18959,0.12181,-0.18833,0.16028,0.16448,-0.16440,-0.03284
0.09418,0.49540,0.12818,0.32462,0.17763,0.12058,-0.21433,0.10248,0.09566,-0.29985,-0.01807
0.14282,0.43433,0.07204,0.20981,0.13520,0.15141,-0.18585,0.08258,0.08845,-0.27508,0.00680
0.09230,0.30041,0.04241,0.12696,0.04086,0.10219,-0.21662,0.04192,0.08470,-0.33859,-0.00083
0.04321,0.09113,0.00587,0.14110,0.08084,0.07925,-0.24078,-0.00277,0.06625,-0.36136,-0.03384
-0.03764,0.00878,-0.07488,0.03793,0.11080,0.06456,-0.23607,-0.08052,0.04750,-0.40517,-0.10575
-0.09158,-0.01209,-0.14078,-0.02591,-0.05464,0.04854,-0.23704,-0.16337,0.04146,-0.43795,-0.14005
-0.10222,0.04122,-0.14481,-0.04155,-0.11890,0.02787,-0.22056,-0.15198,0.06241,-0.40397,-0.13058
-0.08079,0.11931,-0.10816,-0.07109,-0.02097,0.05452,-0.09715,-0.12744,0.11462,-0.29418,-0.08315
-0.06051,0.30645,-0.04754,-0.03041,0.07119,0.16003,0.08472,-0.02947,0.10153,-0.03987,0.06753
0.01633,0.44015,0.04307,0.07641,0.11911,0.21693,0.20462,0.09606,0.18305,0.28174,0.12545
0.07683,0.14357,0.07258,0.08206,0.22378,0.18925,0.14843,0.12394,0.18238,0.34987,0.04442
0.18340,0.13569,0.15007,0.09496,0.31449,0.24422,0.19733,0.22111,0.20816,0.57679,0.10423
0.20434,0.08280,0.32819,0.16252,0.33198,0.30978,0.22640,0.38798,0.30729,0.73914,0.12642
0.13434,0.03704,0.35956,0.21623,0.25948,0.31674,0.15797,0.37792,0.28960,0.54485,0.12863
0.25903,0.05900,0.38219,0.22845,0.34862,0.36019,0.27938,0.40666,0.28702,0.52230,0.13487
0.35753,0.24693,0.42997,0.27056,0.47419,0.41646,0.47804,0.45158,0.32495,0.69972,0.18343
0.33875,0.34376,0.52844,0.40849,0.43486,0.44524,0.68172,0.63566,0.38249,0.88189,0.31132
0.31053,0.25520,0.65997,0.42498,0.54929,0.41362,0.75129,0.65865,0.36140,0.74340,0.30335
0.31172,0.11144,0.59995,0.45014,0.66585,0.33322,0.66018,0.65380,0.21450,0.73155,0.22853
0.22177,-0.04920,0.39293,0.37971,0.47232,0.19255,0.36496,0.56091,0.13168,0.42605,0.11674
0.25374,-0.08110,0.33239,0.35849,0.51120,0.14035,0.23291,0.74388,0.17438,0.33463,0.07222
0.27234,-0.04695,0.37760,0.23873,0.53539,0.11494,0.19583,0.56667,0.16257,0.15698,0.12557
0.21883,-0.00840,0.43840,0.20619,0.38436,0.15355,0.19263,0.51251,0.16599,0.02192,0.15460
0.23065,-0.07425,0.43058,0.18189,0.43798,0.16799,0.17183,0.49034,0.17213,-0.03114,0.15104
0.23648,-0.08709,0.36610,0.10638,0.48704,0.15159,0.16872,0.44169,0.17203,0.03526,0.14796
0.19015,-0.10275,0.43297,0.10226,0.54746,0.17145,0.25211,0.40570,0.19653,0.04964,0.18228
0.13077,-0.03847,0.48433,0.11488,0.48248,0.17598,0.26528,0.35319,0.20459,0.05160,0.16313
0.03641,-0.14062,0.36416,0.06168,0.37678,0.09524,0.11618,0.27631,0.13460,-0.11683,0.10647
0.04430,-0.10609,0.27211,0.07360,0.56496,0.09539,0.11153,0.29294,0.11118,-0.14562,0.09623
0.06212,-0.05458,0.19735,0.06929,0.53463,0.09297,0.09904,0.28910,0.08853,-0.14822,0.07709
-0.02951,-0.05768,0.14402,0.00549,0.40652,0.07154,0.00491,0.18286,0.17120,-0.23313,0.08419
-0.06438,-0.01311,0.18376,0.05011,0.37178,0.12425,0.06095,0.20304,0.25894,-0.15107,0.13341
-0.11451,0.01683,0.22229,0.08084,0.43556,0.12876,0.11036,0.16641,0.25060,-0.11986,0.16739
-0.09923,0.02779,0.21537,0.16909,0.54175,0.17517,0.27114,0.20135,0.27520,0.04272,0.17119
-0.10848,0.07327,0.19653,0.15539,0.80247,0.13175,0.34532,0.22487,0.21226,0.11861,0.15385
-0.14923,0.07636,0.09881,0.07532,0.76836,0.08467,0.33884,0.15285,0.18371,0.07136,0.14605
-0.18732,0.04068,0.01971,0.05553,0.63344,0.06287,0.29450,0.12817,0.10723,0.00835,0.06667
-0.19675,-0.00574,-0.02386,0.07119,0.71054,0.01449,0.12988,0.12037,0.11481,-0.03156,0.01184
-0.16210,-0.09652,-0.00575,0.09284,0.78954,-0.01680,0.05822,0.12075,0.09783,0.00350,0.01994
-0.09607,-0.06441,0.02805,0.14139,0.98059,0.04427,0.06848,0.19154,0.19402,0.15608,0.05318
-0.05268,-0.07403,0.01631,0.13380,0.69179,0.06210,0.08565,0.19676,0.19611,0.26576,0.03887
0.02656,-0.06440,0.05000,0.15357,0.65105,0.11119,0.15872,0.25505,0.24187,0.36018,0.07334
0.16698,-0.07625,0.10125,0.30536,0.92675,0.14723,0.22900,0.38783,0.21534,0.49840,0.09545
0.24640,-0.06726,0.09496,0.31345,1.03771,0.14308,0.10801,0.35369,0.14373,0.42826,0.09913
0.16252,-0.06599,0.00467,0.15898,0.68750,0.12463,-0.00196,0.22230,0.09141,0.23631,0.06352
0.14453,-0.17148,-0.03835,0.10461,0.61825,0.07587,-0.04932,0.16528,0.09740,0.10352,0.09054
0.21209,-0.13101,-0.00453,0.15081,0.46078,0.11491,-0.00802,0.17952,0.15417,0.10989,0.11754
0.26123,-0.07626,0.10511,0.25098,0.25784,0.15532,-0.01192,0.19814,0.17934,0.14408,0.10082
0.37267,0.03369,0.24178,0.31929,0.32520,0.22532,0.07480,0.26194,0.29953,0.20399,0.19329
0.41748,0.07688,0.24521,0.29097,0.33118,0.22151,0.09019,0.19306,0.25123,0.17468,0.22625
0.36037,0.15608,0.18459,0.31822,0.31785,0.24154,0.08295,0.17146,0.25596,0.14830,0.23454
0.28500,0.22254,0.18367,0.28211,0.09708,0.20100,0.07081,0.12505,0.22653,0.09135,0.18899
0.27270,0.36828,0.25648,0.25409,0.18032,0.17510,0.05378,0.13062,0.25430,0.06311,0.19223
0.17130,0.39651,0.22777,0.24662,0.15871,0.12090,0.07730,0.05102,0.15910,0.02790,0.14329
0.15495,0.48232,0.23212,0.25440,0.09077,0.13006,0.11350,0.04278,0.18804,0.05072,0.16465
0.18949,0.50086,0.29943,0.24529,0.07751,0.13085,0.13940,0.09808,0.17012,0.06598,0.14259
0.30208,0.50186,0.38068,0.23973,0.23988,0.11495,0.20152,0.19935,0.13883,0.14652,0.06761
0.29481,0.75030,0.45051,0.24095,0.24289,0.07196,0.21369,0.24178,0.04586,0.24334,-0.00820
0.12738,0.38832,0.35453,0.16849,0.13153,0.01542,0.12582,0.15498,-0.01652,0.14579,-0.06619
0.10983,0.33996,0.26421,0.16472,0.31235,-0.00464,0.12197,0.15099,-0.01351,0.11844,-0.06842
0.11366,0.28620,0.24166,0.15289,0.39004,-0.02157,0.13274,0.13760,-0.02225,0.11492,-0.06617
-0.00105,0.02911,0.06446,-0.00594,0.08367,-0.10969,0.09048,0.03264,-0.11287,-0.02138,-0.10323
-0.01890,-0.07180,0.04171,-0.06202,-0.04230,-0.13081,0.13551,-0.00239,-0.18767,-0.06378,-0.08890
-0.09712,-0.19558,-0.10120,-0.10221,0.01276,-0.18210,0.10358,-0.10042,-0.27352,-0.18776,-0.10133
-0.07164,-0.25581,-0.16071,-0.12572,0.03589,-0.15143,0.05049,-0.09464,-0.27452,-0.16993,-0.12009
-0.05170,-0.24678,-0.21816,-0.09617,0.03921,-0.13911,-0.00866,-0.11807,-0.25035,-0.15055,-0.11057
-0.01083,-0.26863,-0.22714,-0.10332,0.04960,-0.10801,-0.09431,-0.09477,-0.23009,-0.13746,-0.09044
0.00965,-0.23350,-0.23660,-0.11764,0.07331,-0.06475,-0.11725,-0.09626,-0.18605,-0.08653,-0.05317
0.11130,-0.26590,-0.30087,-0.14371,0.12378,-0.09581,-0.10321,-0.14029,-0.20652,-0.11136,-0.01356
0.02834,-0.32317,-0.34948,-0.14100,0.03526,-0.10648,-0.08984,-0.19863,-0.23665,-0.18776,-0.03650
0.23728,-0.16470,-0.24090,-0.03473,0.11893,-0.00563,0.07854,-0.09076,-0.17401,-0.05463,0.03517
0.07284,-0.23655,-0.22780,-0.08161,-0.09490,0.01707,0.02723,-0.13445,-0.18143,-0.16745,0.04865
-0.23790,-0.45941,-0.44049,-0.24040,-0.44044,-0.13216,-0.26251,-0.38806,-0.45657,-0.41708,-0.06895
-0.32417,-0.44941,-0.52122,-0.25583,-0.37294,-0.14430,-0.38397,-0.44934,-0.54069,-0.48279,-0.03792
-0.36157,-0.40901,-0.50355,-0.24738,-0.36357,-0.14497,-0.42413,-0.42147,-0.50656,-0.47397,-0.10438
-0.28156,-0.36761,-0.51101,-0.15367,-0.27824,-0.10815,-0.36838,-0.31867,-0.46892,-0.34101,-0.08599
-0.41667,-0.41103,-0.53186,-0.18349,-0.41068,-0.22177,-0.33419,-0.41703,-0.58061,-0.39783,-0.12243
-0.52403,-0.51001,-0.49161,-0.17617,-0.46724,-0.28675,-0.29597,-0.44994,-0.62911,-0.45388,-0.22607
-0.44498,-0.41703,-0.33097,-0.07138,-0.38421,-0.19675,-0.19695,-0.35362,-0.52617,-0.37936,-0.21225
-0.38272,-0.40307,-0.26268,-0.03457,-0.27187,-0.20947,-0.18687,-0.32745,-0.47229,-0.35357,-0.20367
-0.38332,-0.41081,-0.14792,0.04198,-0.25197,-0.17137,-0.13746,-0.26615,-0.43387,-0.27948,-0.15125
-0.30631,-0.29311,0.00620,0.09527,-0.24471,-0.08465,-0.11275,-0.12633,-0.38508,-0.18600,-0.06881
-0.22186,-0.22698,0.04028,0.08857,-0.21093,-0.07466,-0.15707,-0.07504,-0.31261,-0.14884,-0.04948
-0.05110,-0.11195,0.14542,0.10879,-0.00107,-0.09882,-0.10173,0.05361,-0.26305,0.01872,-0.05490
0.43455,0.30726,0.94111,0.48008,0.66957,0.18674,0.23785,0.65421,0.15511,0.52049,0.12614
1.04051,0.33837,1.98158,0.71906,0.68386,0.33589,0.58450,1.48501,0.61699,1.21850,0.12025
1.58390,0.27698,2.42410,0.81599,0.79536,0.34857,0.69030,1.57903,0.62224,1.45789,0.19269
1.76871,0.61439,2.58282,0.81527,0.83597,0.46363,0.68744,1.37187,0.71878,1.34769,0.16272
2.09876,1.31568,3.04341,0.94194,0.98644,0.63618,0.59962,1.77195,1.14291,1.75738,0.21619
3.49206,1.67289,4.52125,1.15988,1.72343,0.98252,0.75376,2.45872,2.05427,2.43093,0.53422
2.68263,1.51425,2.64903,0.90328,1.23561,0.72022,0.55521,1.57835,1.37606,1.65957,0.49231
1.52844,0.99455,1.47510,0.60767,0.79898,0.56553,0.45153,0.93213,0.88824,1.06298,0.40145
1.24881,0.90607,1.40477,0.51314,0.70622,0.50383,0.31055,0.71174,0.80600,0.70106,0.28891
1.06592,0.99746,1.05917,0.48894,0.80817,0.45135,0.25689,0.58879,0.80053,0.59244,0.30372
0.61054,0.53535,0.62005,0.31401,0.55185,0.28849,0.24662,0.36846,0.52687,0.35900,0.26812
0.53079,0.32392,0.51498,0.31918,0.45532,0.31524,0.26445,0.30903,0.43084,0.32598,0.25182
0.61421,0.38033,0.53486,0.32427,0.45456,0.31524,0.34726,0.37807,0.53354,0.41062,0.24790
0.56005,0.54541,0.62259,0.31004,0.61365,0.33171,0.33731,0.46542,0.57671,0.43032,0.23610
