0.09234,0.07579,-0.04713,0.12433,0.08665,0.11377,0.09721,0.20552,0.06323,-0.31370,0.35128
0.06745,0.03974,-0.07780,0.12741,0.01899,0.04235,0.07225,0.14506,0.02844,-0.33019,0.21225
0.03739,-0.02074,-0.21737,0.12582,-0.08813,-0.05338,0.01558,0.03530,-0.03484,-0.42893,0.09225
0.10584,-0.03718,-0.10341,0.10488,-0.05912,-0.00465,0.02165,0.05368,0.00474,-0.21344,0.07011
0.15353,-0.03411,-0.02230,0.07918,-0.06819,0.01151,0.01269,0.02284,0.01189,-0.09538,0.04004
0.14086,0.00347,0.17522,0.05772,-0.05349,0.00977,0.00404,0.04688,0.00598,0.19426,-0.00196
0.07631,-0.03372,0.14458,0.04984,-0.06079,-0.02312,0.04391,0.04545,-0.01691,0.15527,0.12680
0.06781,-0.06422,0.14301,0.05895,-0.07063,-0.05626,0.02542,0.05955,-0.04730,0.02700,0.06985
0.08910,-0.02189,0.36306,0.13564,0.00677,0.05343,0.11277,0.15662,0.01195,0.13057,0.11098
0.11615,-0.05220,0.29492,0.20549,0.00298,0.06656,0.15783,0.14560,0.04492,0.02675,0.10088
0.08580,-0.08229,0.16862,0.17386,-0.08051,0.02753,0.05073,0.05252,-0.02530,-0.13165,0.06098
0.04654,-0.11276,0.12588,0.16182,-0.09641,-0.02080,-0.03298,0.04159,-0.04018,-0.18333,-0.01327
0.00493,-0.15203,-0.03054,0.05930,-0.09755,-0.08872,-0.11929,-0.00272,-0.11136,-0.26463,-0.13750
0.01891,-0.15907,0.03013,0.06444,-0.10474,-0.07081,-0.08077,-0.01985,-0.13631,-0.25567,-0.09019
0.02507,-0.13057,0.34260,0.05723,-0.06782,-0.03693,-0.06492,0.04283,-0.09364,-0.17544,-0.14035
-0.01015,-0.12544,0.36437,0.03310,-0.08790,-0.06978,-0.06918,0.00393,-0.15368,-0.20930,-0.16586
-0.01486,-0.09191,0.34046,-0.01265,-0.06140,-0.05321,-0.06092,-0.00826,-0.12660,-0.19994,-0.11633
-0.02057,-0.11275,0.15868,-0.02560,-0.03860,-0.06606,-0.09311,-0.04663,-0.12996,-0.27840,-0.09321
-0.01283,-0.10289,0.07707,-0.04584,-0.05777,-0.07201,-0.08173,-0.06863,-0.11575,-0.29374,-0.08522
-0.07482,-0.11683,0.00731,-0.11940,-0.07472,-0.10145,-0.12155,-0.15229,-0.07491,-0.28305,-0.13005
-0.12520,-0.13352,0.01025,-0.14614,-0.13287,-0.14851,-0.11387,-0.21406,-0.10175,-0.28880,-0.16896
-0.11311,-0.08780,0.09013,-0.13049,-0.12524,-0.09647,-0.06627,-0.15863,-0.01351,-0.23026,-0.15690
-0.09332,-0.05875,0.12962,-0.10055,-0.07937,-0.06399,0.00723,-0.11646,0.15298,-0.10652,-0.09775
-0.02701,0.04211,0.28073,-0.04558,0.00994,0.03468,0.14499,-0.03985,0.29439,0.05733,0.03714
0.07801,0.12392,0.57698,0.04388,0.10970,0.15927,0.30924,0.06120,0.62821,0.25921,0.17199
0.09734,0.16227,0.72586,0.00218,0.13385,0.12993,0.18943,0.10980,1.02338,0.33097,0.12649
0.17433,0.22866,0.78303,0.04540,0.21281,0.21169,0.25131,0.18840,0.97847,0.54947,0.24644
0.24897,0.40789,0.90693,0.08719,0.29084,0.30009,0.23305,0.25271,2.15038,0.61204,0.40815
0.23622,0.28713,0.70869,0.11513,0.20435,0.22168,0.19173,0.22217,1.16191,0.37070,0.29559
0.25243,0.29099,0.68916,0.14656,0.25940,0.24354,0.25511,0.26586,0.98163,0.41016,0.27001
0.25380,0.38157,0.80682,0.16945,0.36210,0.29179,0.31259,0.32289,1.19376,0.55790,0.27797
0.33573,0.39757,0.80842,0.28731,0.37968,0.42661,0.41434,0.39336,1.20854,0.56970,0.42173
0.39166,0.30093,0.66344,0.31850,0.35044,0.42323,0.35212,0.37924,1.16747,0.53313,0.41567
0.37329,0.25235,0.57345,0.29715,0.37635,0.30237,0.34629,0.36710,0.99532,0.56307,0.29491
0.24661,0.16916,0.31523,0.24214,0.31517,0.19379,0.25145,0.27786,0.54665,0.32133,0.15041
0.24123,0.14424,0.32458,0.21356,0.30077,0.15148,0.18170,0.26892,0.49940,0.35106,0.10400
0.24394,0.09952,0.21186,0.17783,0.40971,0.11625,0.12673,0.25226,0.37204,0.22484,0.16547
0.20599,0.06506,0.08224,0.17150,0.34357,0.12774,0.12995,0.19592,0.33690,0.17995,0.21855
0.21589,0.05625,0.08374,0.14869,0.40138,0.14406,0.14871,0.21448,0.33299,0.16176,0.18312
0.22010,0.04097,0.02728,0.09989,0.44000,0.10542,0.11943,0.20624,0.35225,0.22363,0.17855
0.24607,0.04144,0.09897,0.13411,0.47537,0.13227,0.16269,0.23300,0.40064,0.42318,0.24623
0.22987,0.04889,0.14760,0.14759,0.37343,0.13821,0.16560,0.20878,0.41158,0.54526,0.22002
0.20236,-0.00346,0.10487,0.15013,0.29119,0.07979,0.11904,0.13644,0.28222,0.44280,0.18308
0.21933,0.00313,0.06863,0.10740,0.42373,0.06219,0.12130,0.17033,0.27336,0.61986,0.22492
0.23689,0.00812,0.05605,0.09734,0.48062,0.04238,0.13664,0.23597,0.24715,0.54391,0.21752
0.17082,-0.01505,-0.01782,0.07331,0.40710,0.02467,0.11708,0.15418,0.26282,0.40929,0.25796
0.20406,0.00463,0.04030,0.08992,0.34728,0.07793,0.15827,0.17812,0.36483,0.44674,0.31844
0.18802,0.00585,0.00679,0.07653,0.40303,0.07793,0.15002,0.13330,0.34987,0.36504,0.32189
0.18801,0.02467,0.10088,0.11886,0.40892,0.12179,0.21728,0.14929,0.43234,0.49295,0.35302
0.18932,0.16989,0.19492,0.12477,0.50441,0.11226,0.24255,0.17014,0.39592,0.60959,0.29698
0.14867,0.27919,0.09476,0.12764,0.51412,0.08539,0.20759,0.13142,0.37424,0.55382,0.33541
0.11385,0.21772,0.08526,0.13502,0.35624,0.09794,0.21566,0.11880,0.25498,0.41750,0.24915
0.10006,0.25334,0.07550,0.10239,0.33152,0.12782,0.20818,0.09752,0.27872,0.36639,0.16658
0.10760,0.21308,0.08130,0.09249,0.36515,0.11635,0.19049,0.11315,0.28663,0.38895,0.17931
0.15872,0.23612,0.05780,0.08522,0.44347,0.13148,0.23634,0.16465,0.39785,0.45941,0.19678
0.14643,0.19566,0.07133,0.07078,0.24887,0.12967,0.22827,0.18008,0.44482,0.30510,0.13224
0.13672,0.23720,0.07727,0.09934,0.18935,0.17723,0.25805,0.20227,0.49989,0.30746,0.11079
0.22962,0.25018,0.12039,0.09736,0.30109,0.22225,0.21252,0.28829,0.51977,0.41654,0.07364
0.22291,0.17042,0.06757,0.11628,0.32346,0.20017,0.12982,0.27979,0.44906,0.32568,0.06583
0.14206,0.11505,0.02686,0.09922,0.16813,0.14924,0.10829,0.21145,0.31012,0.18098,0.05197
0.14878,0.10114,-0.04821,0.10940,0.20328,0.13593,0.10808,0.17501,0.26129,0.10311,0.04694
0.16572,0.09027,-0.10051,0.11144,0.17957,0.16746,0.12487,0.14181,0.32031,0.16782,0.08554
0.17885,0.12397,-0.00232,0.13750,0.03355,0.19167,0.13385,0.16450,0.34926,0.21578,0.04665
0.23421,0.18474,0.08739,0.15317,0.13818,0.22522,0.18940,0.23996,0.44194,0.27922,0.14541
0.22395,0.16882,0.07488,0.12456,0.19510,0.17554,0.15252,0.19204,0.39025,0.22518,0.20461
0.21458,0.18978,0.05523,0.13301,0.21758,0.19100,0.14515,0.17382,0.38056,0.18002,0.21921
0.18763,0.18074,0.08205,0.14494,0.09703,0.20094,0.12128,0.16712,0.36789,0.14528,0.18706
0.20792,0.18742,0.15534,0.14894,0.16347,0.20584,0.11325,0.17465,0.38821,0.16643,0.26140
0.19298,0.16550,0.13829,0.10785,0.16367,0.13375,0.06586,0.10737,0.25630,0.15561,0.29341
0.19032,0.17289,0.22317,0.16154,0.18745,0.14491,0.14979,0.10105,0.27428,0.17160,0.39987
0.21280,0.19043,0.41039,0.14533,0.25345,0.17194,0.21486,0.14111,0.26172,0.32022,0.41491
0.31514,0.19219,0.47708,0.15156,0.35416,0.28754,0.20060,0.21187,0.26435,0.49014,0.29101
0.33085,0.19287,0.58423,0.13968,0.30732,0.26513,0.18152,0.27037,0.20032,0.61237,0.23931
0.24959,0.14735,0.67254,0.11617,0.21007,0.15827,0.14432,0.25687,0.09369,0.42305,0.19311
0.30584,0.13605,0.66539,0.10906,0.39491,0.13084,0.15287,0.25827,0.08570,0.38670,0.21668
0.35147,0.14050,0.59654,0.13656,0.40727,0.13027,0.15590,0.23082,0.11690,0.43738,0.20584
0.28796,0.07567,0.36707,0.12771,0.27893,0.05593,0.14556,0.16752,0.04630,0.34363,0.18583
0.31610,0.08255,0.43394,0.13753,0.27441,0.05441,0.15399,0.16302,0.00275,0.38610,0.18195
0.27343,0.01401,0.30912,0.07784,0.28294,-0.03182,0.09443,0.06966,-0.12121,0.20845,0.13516
0.24664,-0.00374,0.21715,0.05911,0.23460,-0.03194,0.04564,0.05715,-0.14800,0.09267,0.02919
0.21235,-0.00264,0.19955,0.08038,0.25373,-0.04898,0.02029,0.05027,-0.10552,0.10646,-0.02558
0.23535,0.00387,0.17620,0.06295,0.25309,-0.03066,-0.00986,0.06172,-0.04294,0.15796,-0.03359
0.23312,0.03297,0.04667,0.04748,0.26464,-0.04985,-0.03181,0.03767,0.01192,0.16409,-0.02198
0.22360,0.00257,-0.00846,0.02454,0.22617,-0.12509,-0.03927,-0.02753,0.00054,0.09916,0.04049
0.12233,-0.04130,-0.11244,-0.00046,0.08605,-0.16653,-0.03310,-0.11384,-0.02614,-0.03666,0.01670
0.12366,-0.00574,-0.02582,0.05079,0.09953,-0.10340,0.02101,-0.04637,0.04942,0.04047,-0.00376
0.02020,-0.06287,-0.11271,0.03928,-0.04482,-0.10322,-0.06209,-0.11339,-0.01693,-0.12583,-0.06345
-0.18928,-0.21734,-0.32123,-0.10145,-0.25761,-0.25559,-0.21343,-0.32480,-0.28160,-0.35916,-0.22408
-0.21854,-0.22496,-0.37058,-0.14014,-0.23664,-0.33736,-0.24805,-0.34484,-0.39700,-0.41099,-0.23889
-0.23219,-0.21516,-0.33235,-0.16449,-0.27724,-0.36697,-0.25464,-0.35478,-0.37125,-0.43855,-0.26195
-0.19919,-0.17147,-0.26759,-0.13576,-0.23031,-0.40244,-0.20436,-0.29858,-0.32349,-0.36552,-0.20049
-0.23050,-0.18258,-0.25809,-0.17403,-0.27017,-0.47721,-0.17988,-0.38783,-0.40836,-0.31760,-0.19603
-0.22075,-0.18876,-0.21653,-0.21431,-0.32984,-0.47770,-0.22745,-0.44101,-0.44205,-0.32175,-0.24354
-0.19100,-0.16090,-0.14603,-0.20599,-0.33955,-0.40532,-0.20881,-0.37501,-0.38699,-0.27067,-0.24208
-0.18295,-0.17448,-0.13483,-0.17423,-0.32885,-0.35451,-0.17605,-0.34880,-0.38848,-0.29490,-0.24450
-0.18038,-0.14498,-0.07553,-0.13131,-0.31273,-0.29609,-0.13494,-0.29300,-0.35346,-0.22144,-0.20707
-0.14974,-0.09651,0.02501,-0.09102,-0.27670,-0.24899,-0.11076,-0.25828,-0.31287,-0.10350,-0.14842
-0.09433,-0.07236,0.01952,-0.11152,-0.20294,-0.18157,-0.11282,-0.21999,-0.24543,-0.07453,-0.11114
-0.04266,-0.01549,0.10431,-0.08027,-0.12839,-0.16652,-0.04009,-0.12456,-0.17754,0.11618,-0.06826
0.20469,0.18118,0.58559,0.10147,0.17789,0.05707,0.13752,0.14928,0.13595,0.48572,0.11551
0.33271,0.30792,1.10023,0.20236,0.21886,0.27064,0.25254,0.27688,0.52918,0.71556,0.10376
0.34460,0.29221,0.95199,0.20436,0.24425,0.24958,0.28538,0.31196,0.50777,0.80118,0.18422
0.29969,0.25444,0.92734,0.21643,0.24866,0.50749,0.28990,0.34708,0.53859,0.83893,0.13376
0.29452,0.26223,0.88709,0.30705,0.26650,0.77237,0.27645,0.51535,0.72249,0.74885,0.13300
0.32272,0.35649,1.02567,0.40604,0.39091,1.02033,0.49555,0.86948,1.04976,0.85857,0.28599
0.22045,0.29295,0.74617,0.35156,0.35511,0.59923,0.40499,0.64962,0.72662,0.67214,0.24078
0.13278,0.22171,0.55681,0.24836,0.17247,0.26431,0.25617,0.47800,0.60520,0.53142,0.18884
0.09914,0.22197,0.43638,0.19759,0.13037,0.21782,0.19748,0.41550,0.56160,0.39231,0.12708
0.10142,0.20379,0.36915,0.19041,0.15779,0.22765,0.14257,0.42454,0.56142,0.30765,0.13535
0.04572,0.18096,0.32145,0.17618,0.10444,0.02310,0.08721,0.27830,0.39946,0.19729,0.13449
0.05315,0.20578,0.38974,0.17535,0.08074,0.01135,0.09458,0.23323,0.36086,0.18740,0.15838
0.08026,0.23013,0.39727,0.17342,0.08496,0.01143,0.14066,0.29607,0.35402,0.20996,0.17644
0.09165,0.22332,0.34718,0.15426,0.11803,0.03496,0.11002,0.29210,0.31417,0.21985,0.15448
0.11458,0.21069,0.35508,0.16924,0.19981,0.09542,0.08574,0.27104,0.24065,0.22412,0.07076
0.13602,0.28229,0.38256,0.16279,0.24126,0.11365,0.08643,0.28991,0.27584,0.27033,0.11051
0.18395,0.33943,0.42002,0.16607,0.39737,0.16562,0.12039,0.34729,0.36655,0.35325,0.16486
0.12729,0.25416,0.26748,0.12921,0.37305,0.04231,0.09309,0.22560,0.22147,0.21058,0.13692
0.14010,0.22613,0.23891,0.16337,0.33099,-0.00197,0.15033,0.18913,0.20827,0.14489,0.13670
0.25907,0.26592,0.38121,0.24675,0.37645,0.08030,0.27822,0.26175,0.26869,0.22236,0.22166
0.29436,0.23926,0.40560,0.24276,0.38524,0.07058,0.28987,0.25943,0.25693,0.19505,0.20814
0.30292,0.27763,0.52375,0.22569,0.44640,0.08207,0.31343,0.26730,0.28571,0.25117,0.17123
0.13811,0.15179,0.32381,0.16485,0.27228,-0.01661,0.17384,0.07201,0.13051,0.17944,0.10165
0.07155,0.08178,0.26567,0.14347,0.20032,-0.07365,0.15653,0.01259,0.08943,0.14071,0.11510
0.04411,0.04907,0.22450,0.12998,0.16584,-0.07026,0.11402,0.00015,0.07396,0.11874,0.11600
0.05174,0.03132,0.15612,0.13154,0.15980,-0.08232,0.11816,0.01987,0.10523,0.07929,0.14576
0.01012,0.03205,0.09049,0.14936,0.10772,-0.09658,0.12357,0.00763,0.12598,0.03282,0.17400
0.05694,0.03880,0.13151,0.16403,0.08972,-0.07418,0.15256,0.03167,0.15679,0.05289,0.15444
0.08488,0.02588,0.15212,0.16859,0.04185,-0.04185,0.16631,0.04452,0.15777,0.13029,0.14945
0.08255,0.04954,0.23228,0.19679,0.02952,0.02828,0.16684,0.05278,0.20412,0.25397,0.15434
0.05674,0.02581,0.20953,0.16598,-0.02680,0.02894,0.13035,0.02536,0.19229,0.25614,0.14443
0.04262,0.03051,0.19102,0.12930,-0.02430,-0.01052,0.06881,-0.00530,0.17429,0.17468,0.12063
0.06336,0.06171,0.20810,0.16734,-0.03134,0.01490,0.08601,0.01330,0.20446,0.21285,0.17295
0.08184,0.06539,0.14239,0.19935,-0.02044,0.02367,0.11268,0.03741,0.22573,0.15823,0.18867
0.22625,0.18597,0.30210,0.25790,0.17884,0.20323,0.24288,0.24023,0.36023,0.32594,0.21920
0.28942,0.22658,0.31703,0.24830,0.26164,0.31246,0.25508,0.26957,0.37065,0.31318,0.15811
0.27663,0.20101,0.27158,0.22599,0.20512,0.30804,0.28242,0.22212,0.36249,0.20716,0.15860
0.21917,0.17331,0.26811,0.18182,0.10574,0.29182,0.24148,0.17938,0.29975,0.14554,0.08982
0.24404,0.17819,0.31798,0.15925,0.11675,0.32840,0.24680,0.18208,0.30077,0.15600,0.08665
0.22395,0.17604,0.33033,0.17167,0.12918,0.31940,0.21761,0.16999,0.28920,0.10191,0.10192
0.16188,0.21682,0.28844,0.19776,0.13063,0.25781,0.21377,0.13691,0.21654,0.00323,0.13421
0.18560,0.24128,0.26290,0.21145,0.13525,0.23473,0.24243,0.18115,0.20633,-0.03047,0.17334
0.16367,0.27590,0.24574,0.24355,0.17343,0.22221,0.29338,0.18365,0.22806,-0.03850,0.22874
0.25231,0.36669,0.28138,0.27115,0.30167,0.40655,0.34776,0.28513,0.25185,0.10103,0.18827
0.23938,0.34459,0.31435,0.23093,0.32173,0.47243,0.34954,0.31099,0.14612,0.13403,0.10026
0.20143,0.37009,0.38460,0.20828,0.27641,0.50151,0.36853,0.33279,0.11121,0.13416,0.11017
0.17247,0.54003,0.34801,0.17654,0.19702,0.45082,0.36489,0.32089,0.03058,0.09458,0.09482
0.17146,0.62558,0.31099,0.15886,0.17805,0.37564,0.34719,0.34724,0.03325,0.09675,0.09417
0.18725,0.66742,0.36610,0.17354,0.20589,0.36098,0.34487,0.38166,0.07250,0.17921,0.10301
0.21173,0.63275,0.45135,0.24970,0.28369,0.43288,0.42800,0.46538,0.07098,0.28448,0.18465
0.17191,0.58084,0.44763,0.22548,0.26653,0.41635,0.40627,0.44168,0.02180,0.29553,0.12866
0.11987,0.49579,0.36526,0.18574,0.20178,0.34566,0.41431,0.40404,-0.00042,0.27809,0.11578
0.13262,0.50532,0.31440,0.11951,0.14183,0.29144,0.40801,0.37678,0.04460,0.29204,0.13241
0.16130,0.49097,0.31789,0.10274,0.16572,0.29421,0.38430,0.36062,0.04543,0.30234,0.10949
0.17672,0.38783,0.23472,0.08308,0.24760,0.26448,0.27401,0.36388,0.01463,0.32016,0.09703
0.13701,0.36776,0.15972,0.08365,0.22365,0.17335,0.24100,0.30624,0.03461,0.26701,0.11471
0.17726,0.49763,0.19816,0.12707,0.29949,0.19359,0.29660,0.34749,0.14284,0.34471,0.19466
0.18200,0.44117,0.15209,0.10113,0.27679,0.14915,0.26603,0.28509,0.14081,0.37570,0.13918
0.17540,0.34309,0.15683,0.11350,0.24057,0.14947,0.25851,0.25709,0.24017,0.35155,0.13767
0.14492,0.29632,0.14076,0.14602,0.18795,0.18162,0.27596,0.24578,0.20149,0.36099,0.17953
0.06423,0.19396,0.07682,0.13705,0.07267,0.13448,0.23792,0.18242,0.18111,0.28285,0.18163
0.07042,0.19402,0.07570,0.14959,0.05554,0.16402,0.28840,0.21523,0.27905,0.33168,0.22381
0.06417,0.15660,0.06735,0.16882,-0.03204,0.15426,0.30178,0.19857,0.32331,0.31269,0.28612
0.05476,0.12164,0.06614,0.19428,-0.05586,0.09210,0.27731,0.15856,0.35154,0.28223,0.32144
0.10090,0.11737,0.18404,0.23920,0.00995,0.14336,0.26879,0.19875,0.29393,0.32176,0.21656
0.05290,0.12812,0.18070,0.19092,-0.05971,0.11241,0.27196,0.16239,0.26394,0.28441,0.13448
0.06701,0.19360,0.25602,0.16858,-0.05750,0.13796,0.31558,0.15298,0.23822,0.27877,0.09770
0.07935,0.17450,0.29623,0.14899,-0.09096,0.17202,0.30005,0.12989,0.16056,0.26767,0.09032
0.04175,0.13393,0.25431,0.11480,-0.15104,0.15243,0.27810,0.08683,0.12337,0.18657,0.02852
-0.00664,0.16429,0.28751,0.13796,-0.19292,0.15187,0.26920,0.07887,0.11434,0.11450,0.05382
-0.03323,0.16280,0.32079,0.13033,-0.24359,0.13281,0.23575,0.06711,0.10821,0.06502,0.10135
-0.07795,0.10179,0.28882,0.06448,-0.25824,0.02957,0.12724,0.00819,0.08197,0.01878,0.02730
-0.01323,0.21868,0.40658,0.11116,-0.13007,0.08068,0.13523,0.07935,0.14221,0.11637,0.05553
-0.02501,0.29168,0.42143,0.05530,-0.12024,0.06031,0.08511,0.03079,0.08401,0.07648,-0.02341
-0.03462,0.31152,0.42635,0.06898,-0.12647,0.02135,0.06274,0.00332,0.07551,0.05824,-0.05180
-0.09869,0.25025,0.32245,0.04246,-0.17896,-0.03490,-0.00157,-0.05867,0.00343,-0.01164,-0.06192
-0.11551,0.17999,0.11779,0.05796,-0.21616,-0.10166,-0.03800,-0.07604,-0.01986,-0.06193,0.04245
-0.05251,0.21670,0.18531,0.11785,-0.11504,-0.05381,-0.02329,-0.00484,0.07329,0.02380,0.13783
-0.02983,0.22717,0.20526,0.12783,-0.11719,-0.02255,0.01702,0.02483,0.11450,0.03691,0.13403
-0.03370,0.21756,0.21296,0.12332,-0.08238,-0.03487,0.01053,0.02207,0.14629,-0.02264,0.15582
-0.00155,0.20139,0.20777,0.16394,-0.02981,-0.06014,0.01792,0.04673,0.19939,0.03195,0.24951
0.07266,0.16425,0.19435,0.18003,0.03467,-0.06264,0.04626,0.09990,0.24479,0.11545,0.27090
0.12097,0.19374,0.18408,0.18489,0.12257,0.00272,0.08364,0.14220,0.21987,0.21615,0.20097
0.14451,0.22913,0.18898,0.19156,0.16274,0.07934,0.12091,0.17325,0.23494,0.25580,0.23876
0.06403,0.16419,0.12606,0.10983,0.07961,0.05497,0.08328,0.11175,0.10680,0.18859,0.13762
0.10494,0.08160,0.05436,0.09398,0.07947,0.09043,0.03337,0.13864,0.05985,0.16995,0.15446
0.17971,0.12786,0.08711,0.07684,0.27965,0.20761,0.03584,0.22687,0.07180,0.23220,0.17904
0.33703,0.22367,0.21173,0.09900,0.38228,0.36440,0.11113,0.33945,0.12872,0.39750,0.16428
0.25549,0.25279,0.30259,0.10882,0.33120,0.46181,0.17078,0.33836,0.17983,0.49530,0.12432
0.14074,0.20809,0.22447,0.08527,0.17727,0.38540,0.16445,0.26304,0.08753,0.39304,0.10627
0.11048,0.20323,0.21112,0.07751,0.10592,0.30124,0.10579,0.22875,0.09063,0.37621,0.11589
0.08887,0.25024,0.23316,0.08583,0.05509,0.29537,0.13014,0.26118,0.07753,0.49564,0.11122
0.08913,0.26446,0.25493,0.08569,0.01029,0.35903,0.15453,0.28765,0.07789,0.46408,0.10132
0.08247,0.23125,0.21572,0.02564,0.01166,0.39153,0.12668,0.26890,0.01635,0.41216,0.04550
0.08706,0.22358,0.17345,0.04212,-0.01916,0.34117,0.11359,0.25123,0.05036,0.35774,0.13518
0.13338,0.21478,0.19548,0.06483,0.03338,0.33590,0.18208,0.29596,0.08403,0.36786,0.14592
0.19600,0.22322,0.23316,0.08277,0.04648,0.39539,0.23455,0.34850,0.12143,0.40740,0.19209
0.15906,0.25880,0.29791,0.12181,0.03583,0.30055,0.25088,0.28018,0.20788,0.47997,0.25589
0.14405,0.25236,0.32018,0.16315,-0.00625,0.26814,0.27387,0.28787,0.16114,0.40884,0.19846
0.16420,0.28029,0.39197,0.17770,0.09831,0.32575,0.32577,0.35120,0.10837,0.44525,0.10827
0.11535,0.22990,0.35884,0.08305,0.02221,0.26627,0.24640,0.27792,0.04346,0.36445,0.04296
