0.34112,0.01456,0.00000,-0.15719,0.00000,0.13734,-0.09406,-0.04297
0.29217,0.00964,0.00000,-0.16355,0.00000,0.04942,-0.00698,-0.01973
0.20272,-0.02197,0.00000,-0.41576,0.00000,-0.02487,-0.03488,-0.16221
0.25548,-0.03942,0.00000,-0.38909,0.00000,-0.03730,0.19688,-0.01655
0.54843,-0.00582,0.00000,-0.31373,0.00000,0.00304,0.04560,0.17711
0.51860,0.00788,0.00000,-0.36771,0.00000,0.01523,0.05211,0.78433
0.44508,-0.05160,0.00000,-0.45932,0.00000,0.00551,0.02645,0.54950
0.24351,-0.07658,0.00000,-0.50164,0.00000,-0.05063,-0.06887,0.17725
0.22608,-0.05719,0.00000,-0.39294,0.00000,0.13495,0.16753,0.57636
0.34573,-0.07927,0.00000,-0.23587,0.00000,0.18536,0.17872,1.05696
0.25238,-0.08798,0.00000,-0.36302,0.00000,-0.02911,-0.07658,0.47749
0.27082,-0.11422,0.00000,-0.42370,0.00000,-0.15345,-0.09022,0.59279
0.35720,-0.14250,0.00000,-0.37402,0.00000,-0.19769,-0.12988,0.35313
0.32311,-0.13921,0.00000,-0.36567,0.00000,-0.09879,-0.21442,0.18345
0.17154,-0.11321,0.00000,-0.14623,0.00000,-0.08872,-0.17974,0.13055
0.13805,-0.13871,0.00000,-0.22004,0.00000,-0.05939,-0.34075,0.09794
0.14159,-0.11813,0.00000,-0.22240,0.00000,-0.14842,-0.38527,0.07114
0.13099,-0.12953,0.00000,-0.11410,0.00000,-0.22904,-0.36886,-0.08092
0.17495,-0.09575,0.00000,-0.03755,0.00000,-0.20186,-0.28373,-0.06995
0.04864,-0.07752,0.00000,0.11746,0.00000,-0.24329,-0.23124,-0.02641
-0.02980,-0.06417,0.00000,-0.24784,0.00000,-0.27797,-0.34441,-0.04347
-0.06139,-0.00864,0.00000,-0.28955,0.00000,-0.23920,-0.30986,0.06606
-0.02105,-0.01380,0.00000,-0.19241,0.00000,-0.11228,-0.19735,0.18383
0.15698,0.06660,0.00000,-0.09860,0.00000,0.06536,0.06861,0.27354
0.44008,0.13259,0.00000,0.13879,0.00000,0.13403,0.16843,0.31968
0.62580,0.11828,0.00000,0.29842,0.00000,-0.05875,0.13513,0.19518
1.08365,0.10452,0.00000,0.30579,0.00000,0.00248,0.18479,0.38803
1.69652,0.17538,0.00000,0.45257,0.00000,-0.05320,0.37904,0.42640
1.56694,0.10205,0.00000,0.34603,0.00000,-0.08545,0.41124,0.19267
1.46752,0.12195,0.00000,0.32427,0.00000,0.03354,0.50769,0.21925
1.06036,0.11851,0.00000,0.36554,0.00000,0.14001,0.53773,0.31476
1.19942,0.08250,0.00000,0.36124,0.00000,0.31220,0.71011,0.43728
1.26285,0.02347,0.00000,0.96155,0.00000,0.38027,0.82884,0.34051
0.89782,0.01091,0.00000,1.02841,0.00000,0.30186,0.85210,0.24257
0.52422,-0.00951,0.00000,0.70184,0.00000,0.17005,0.59750,0.14263
0.39135,-0.02280,0.00000,0.83826,0.00000,0.10270,0.59799,0.18166
0.43021,-0.02727,0.00000,0.91813,0.00000,0.08734,0.60333,0.16524
0.32558,-0.01849,0.00000,0.61368,0.00000,0.15044,0.52683,0.22382
0.34841,-0.02326,0.00000,0.68990,0.00000,0.17389,0.49755,0.22234
0.21071,-0.03053,0.00000,0.69470,0.00000,0.18973,0.56037,0.21640
0.16172,-0.01867,0.00000,0.65745,0.00000,0.30737,0.66663,0.31089
0.11721,-0.00839,0.00000,0.45998,0.00000,0.34657,0.58256,0.41335
0.15623,-0.02164,0.00000,0.39479,0.00000,0.22523,0.35306,0.21071
0.18658,0.00913,0.00000,0.39071,0.00000,0.17446,0.31263,0.13883
0.25473,0.04700,0.00000,0.34577,0.00000,0.01868,0.38306,0.14347
0.23335,0.02569,0.00000,0.22499,0.00000,-0.01410,0.23985,0.15379
0.29891,0.03482,0.00000,0.25304,0.00000,0.12306,0.22270,0.25595
0.24479,0.02886,0.00000,0.28907,0.00000,0.15004,0.16996,0.21311
0.22489,0.03914,0.00000,0.29602,0.00000,0.27046,0.22217,0.26981
0.29051,0.04536,0.00000,0.59816,0.22910,0.31125,0.30694,0.32100
0.25036,0.01999,0.00000,0.50435,0.32238,0.29217,0.28230,0.20541
0.33212,-0.01159,0.00000,0.36363,0.28756,0.34648,0.14166,0.15765
0.37227,-0.03078,0.00000,0.55305,0.10006,0.38910,0.11298,0.13507
0.49026,-0.04174,0.00000,0.70335,0.14831,0.38990,0.13974,0.13645
0.68826,-0.04616,0.00000,0.95785,0.35316,0.53578,0.24659,0.29100
0.50808,-0.05103,0.00000,0.72212,0.30951,0.59645,0.16181,0.34164
0.44345,-0.06115,0.00000,0.63412,0.41783,0.83823,0.12048,0.45209
0.93456,-0.03008,0.00000,1.05122,0.54934,0.81651,0.21200,0.50173
0.93061,0.01753,0.00000,1.27270,0.46533,0.53135,0.25813,0.36579
0.59203,0.02852,0.00000,0.87524,0.26783,0.36684,0.11810,0.21665
0.60257,0.02779,0.00000,0.92851,0.10979,0.27029,0.07905,0.18219
0.52972,0.04780,0.00000,1.00810,0.39579,0.19247,0.07940,0.07500
0.39371,0.07762,0.00000,0.80931,0.49474,0.17210,0.02511,0.10242
0.43013,0.14353,0.00000,0.87095,0.83133,0.18799,0.09628,0.17294
0.38479,0.19142,0.00000,0.94871,0.97965,0.18503,0.01335,0.15340
0.31857,0.22778,0.00000,0.94872,1.17015,0.16289,0.04566,0.08203
0.12260,0.23042,0.00000,0.54302,1.27815,0.07490,0.07924,0.02140
0.22609,0.21080,0.00000,0.65652,1.14162,-0.02141,0.14167,0.03482
0.25881,0.18212,0.00000,0.65334,0.81000,-0.09706,0.10000,-0.02349
0.18283,0.19733,0.00000,0.50715,0.71494,-0.01300,0.14537,-0.04868
0.28531,0.14556,0.17603,0.49563,1.14054,0.05004,0.15520,0.02293
0.63715,0.14110,0.36095,0.71397,1.01653,0.06893,0.30164,0.20001
0.67594,0.15607,0.32288,0.74459,0.68973,0.10311,0.34711,0.27232
0.49373,0.09717,0.09293,0.55448,0.22230,0.15158,0.24017,0.33501
0.76960,0.09038,-0.04524,0.91674,0.19027,0.20396,0.25020,0.38738
0.89450,0.05479,-0.05320,1.18349,0.16098,0.19318,0.23721,0.33999
0.59435,-0.02284,-0.10603,0.81315,-0.09586,0.06967,0.23666,0.24259
0.62958,-0.05855,-0.09871,0.62666,-0.20526,0.01248,0.18861,0.24158
0.55094,-0.09434,-0.31724,0.72022,-0.42517,-0.04755,-0.03227,0.16029
0.56955,-0.06108,-0.35200,0.57594,-0.42726,-0.04244,-0.00831,0.16714
0.54004,-0.05711,-0.30131,0.47590,-0.37879,-0.07568,-0.03452,0.13320
0.51229,-0.07554,-0.35586,0.54033,-0.37126,-0.02720,-0.00359,0.11423
0.54124,-0.04112,-0.33786,0.49014,-0.39877,-0.06908,0.09672,0.09188
0.44010,-0.06170,-0.30644,0.53479,-0.34831,-0.03294,-0.03244,-0.00156
0.13227,-0.09759,-0.38337,0.29347,-0.34018,-0.05157,-0.13560,-0.13433
0.05129,-0.04699,-0.27841,0.19881,-0.15403,-0.10893,-0.04971,-0.10698
-0.26528,-0.06040,-0.27693,-0.07913,-0.16451,-0.21536,-0.12445,-0.21041
-0.61655,-0.12800,-0.61896,-0.48711,-0.47473,-0.31376,-0.36377,-0.37409
-0.66633,-0.09773,-0.83278,-0.50142,-0.59921,-0.27058,-0.44243,-0.43071
-0.67342,-0.07767,-0.86168,-0.57304,-0.60266,-0.21609,-0.42877,-0.45426
-0.59643,-0.06202,-0.78988,-0.45297,-0.53183,-0.07194,-0.25872,-0.39531
-0.61711,-0.12457,-0.78659,-0.45764,-0.59187,0.01845,-0.31025,-0.43098
-0.58093,-0.12938,-0.81060,-0.40935,-0.59057,-0.02805,-0.41997,-0.41630
-0.57096,-0.10488,-0.72247,-0.43001,-0.50406,-0.12207,-0.44590,-0.31503
-0.54550,-0.11413,-0.62955,-0.38472,-0.52285,-0.06232,-0.42930,-0.28089
-0.50205,-0.10731,-0.66016,-0.40865,-0.45090,-0.05672,-0.37961,-0.21150
-0.42243,-0.07339,-0.58202,-0.39685,-0.34431,-0.03268,-0.32177,-0.10312
-0.21500,-0.07338,-0.33280,-0.30478,-0.30345,0.00543,-0.28084,-0.03109
0.04987,-0.00850,-0.22054,-0.12200,-0.21859,0.06987,-0.14878,0.08476
1.08697,0.11897,0.66224,0.54921,0.29698,0.14139,0.23711,0.46721
2.00675,0.11883,2.58451,0.62324,0.85018,0.25242,0.55402,0.87213
2.10272,0.15577,2.89567,0.99879,0.82760,0.21555,0.51459,1.06302
1.72639,0.15626,2.41570,0.80665,0.92271,0.15633,0.42595,1.11684
1.27295,0.20073,2.37530,0.78046,1.08233,0.11349,0.37445,1.17241
1.01664,0.25760,3.69450,0.74461,1.41344,0.34832,0.77642,1.41258
0.79290,0.22654,2.75422,0.70861,1.10992,0.23667,0.81701,0.92598
0.33082,0.17649,1.24755,0.49463,0.76796,0.08277,0.56291,0.66194
0.16086,0.19261,1.25930,0.50697,0.47554,0.04693,0.50980,0.45072
0.16985,0.19392,0.96500,0.68317,0.37836,0.04041,0.43125,0.40783
0.08081,0.13280,0.21187,0.55842,0.16222,0.03784,0.30500,0.25855
0.12779,0.09131,0.17161,0.56023,0.07680,0.06592,0.21174,0.20714
0.19341,0.14679,0.22206,0.47870,0.17499,0.17266,0.14534,0.23170
0.18469,0.18119,0.38652,0.51524,0.44261,0.13840,0.08302,0.29948
0.35611,0.14074,0.47439,0.57227,0.43724,0.10432,0.08946,0.33455
0.37823,0.17121,0.43407,0.48113,0.39068,0.10980,0.11349,0.27565
0.44341,0.22048,0.48023,0.66237,0.55108,0.15206,0.18405,0.31565
0.25864,0.14815,0.10971,0.63122,0.32030,0.16545,0.10542,0.13868
0.30281,0.11692,0.03070,0.49612,0.18964,0.32216,0.13486,0.11614
0.39375,0.14595,0.34037,0.51182,0.34281,0.55531,0.17455,0.24396
0.48389,0.11271,0.37775,0.59057,0.51623,0.54877,0.14605,0.22204
0.57630,0.10800,0.51670,0.63550,0.92447,0.54762,0.13810,0.24696
0.23131,0.04610,0.35213,0.44649,0.92114,0.31942,-0.03263,0.06201
-0.04012,0.04903,0.24470,0.28255,0.71385,0.32843,-0.02226,0.05569
-0.17660,0.05072,0.07154,0.23202,0.11790,0.28619,-0.01654,0.07193
-0.16940,0.00970,0.02622,0.28232,0.06189,0.21441,-0.01047,0.05569
-0.25391,0.00630,0.00459,0.24335,0.11242,0.22875,-0.05742,-0.06002
-0.17775,0.03289,0.06139,0.22688,0.21584,0.25462,-0.03912,0.01735
-0.12270,0.04980,0.09493,0.20083,0.22902,0.26778,0.00573,0.12836
-0.18323,0.08146,0.19773,0.21678,0.16782,0.24710,0.07115,0.20040
-0.23948,0.08002,0.12349,0.28560,0.23719,0.15896,0.00655,0.11255
-0.25449,0.07395,-0.00117,0.31562,0.20545,0.15025,-0.02224,0.01280
-0.25291,0.11789,0.00922,0.08399,0.11913,0.20743,0.01735,-0.00131
-0.29069,0.12690,0.07970,-0.02361,0.01070,0.19463,0.05996,0.03087
-0.10356,0.26844,0.24698,0.14726,0.01216,0.36197,0.33708,0.40203
0.12065,0.27281,0.18164,0.25784,-0.01822,0.37045,0.35072,0.35998
0.15366,0.25753,0.26882,0.10834,0.19091,0.33317,0.34615,0.20371
0.06014,0.28093,0.23754,-0.04402,0.11889,0.28607,0.29511,0.09647
-0.04960,0.27134,0.21331,-0.05055,0.15650,0.27527,0.36230,0.22664
-0.08798,0.25050,0.23763,0.02256,0.09716,0.23855,0.31579,0.21627
-0.14452,0.20917,0.16811,0.04415,0.05310,0.24215,0.20713,0.11097
-0.08196,0.20288,0.12767,0.02947,0.19985,0.29999,0.14903,0.13639
-0.10233,0.20729,0.10517,-0.00295,0.20377,0.49098,0.09363,0.14189
0.02498,0.22446,0.26937,0.04970,0.29592,0.47439,0.25950,0.28160
0.00136,0.18861,0.35737,0.18357,0.20878,0.41039,0.28409,0.46247
-0.01958,0.22102,0.33611,0.28754,0.10086,0.50146,0.33684,0.49381
-0.00461,0.18605,0.25953,0.20314,0.07240,0.46029,0.28991,0.30969
-0.01591,0.16849,0.27773,0.23010,0.15098,0.47061,0.26219,0.32812
0.01230,0.18941,0.30842,0.57339,0.32293,0.53297,0.30163,0.49047
0.08215,0.20745,0.41976,0.69724,0.48057,0.67857,0.39586,0.41066
0.16094,0.20535,0.45631,0.63059,0.39359,0.73602,0.40639,0.40854
0.09112,0.20904,0.34152,0.49389,0.26266,0.75436,0.42709,0.40027
0.05214,0.20625,0.33473,0.32306,0.16992,0.76837,0.48267,0.32863
0.06076,0.18864,0.35003,0.36038,0.15588,0.61550,0.55727,0.30532
0.19161,0.14625,0.41193,0.41670,0.11484,0.29419,0.54698,0.29783
0.17135,0.10761,0.26058,0.19453,0.04601,0.16249,0.45183,0.23695
0.23948,0.14594,0.28984,0.16309,0.24217,0.24834,0.49557,0.32013
0.34562,0.11780,0.19429,0.12535,0.28509,0.23278,0.38530,0.31840
0.21568,0.13071,0.24186,0.07796,0.32685,0.27862,0.27467,0.32400
0.09698,0.13041,0.21936,-0.00025,0.25499,0.27626,0.25302,0.30308
-0.05881,0.05294,0.03803,-0.17022,0.13175,0.31454,0.15281,0.14753
-0.13914,0.04727,0.00893,-0.19637,0.15928,0.47956,0.15182,0.27123
-0.23524,-0.00744,0.02134,-0.28870,0.12546,0.48278,0.10356,0.23523
-0.32934,-0.06016,0.00626,-0.35027,0.21999,0.42366,0.03450,0.12966
-0.28607,-0.01231,0.01982,-0.34313,0.19089,0.39594,0.06087,0.18972
-0.30333,0.02670,0.00341,-0.40323,0.13912,0.45270,0.02185,0.18068
-0.30384,0.08176,-0.00293,-0.35250,0.04227,0.60171,0.09232,0.19226
-0.27317,0.08295,-0.01060,-0.25019,-0.02424,0.66656,0.02562,0.19462
-0.32861,0.05788,-0.02394,-0.28097,-0.11074,0.55256,-0.00674,0.11884
-0.48395,0.04741,-0.01264,-0.34598,-0.20318,0.47231,0.02053,0.01531
-0.58661,-0.04671,0.01395,-0.32061,-0.24659,0.37364,0.04712,0.01782
-0.58873,-0.08760,-0.05738,-0.33061,-0.26400,0.23368,-0.02500,-0.03526
-0.49966,-0.00797,0.04840,-0.23269,-0.23930,0.14826,0.05926,0.06673
-0.55574,0.01033,-0.05317,-0.20205,-0.25432,0.13005,0.03864,0.01460
-0.58524,-0.04179,-0.06705,-0.13911,-0.23977,0.08058,0.02778,0.05418
-0.63278,-0.08352,-0.09687,-0.16296,-0.31111,-0.08182,0.04982,-0.05032
-0.57214,-0.12906,-0.14575,-0.15759,-0.25290,-0.17469,-0.05896,-0.11304
-0.37261,-0.10222,-0.13075,-0.00185,-0.11657,-0.20376,-0.00104,-0.03396
-0.34790,-0.09221,-0.10527,-0.12018,0.06525,-0.16066,-0.03493,-0.04964
-0.36562,-0.07009,-0.07281,-0.09253,0.06717,-0.17761,0.01672,-0.12426
-0.32329,-0.07029,-0.10753,-0.01330,0.16328,-0.19296,0.08767,-0.10002
-0.05923,-0.04732,-0.07614,0.04969,0.35294,-0.16132,0.13317,-0.00285
0.18415,0.04116,-0.22612,0.03118,0.45621,-0.05395,0.20188,0.03175
0.05792,0.08558,-0.27371,0.00344,0.56220,-0.03323,0.27941,0.09059
-0.08923,0.00925,-0.31123,-0.03543,0.41350,-0.03965,0.21448,0.06715
0.50452,0.02050,-0.23198,-0.08934,0.20361,-0.03478,0.24057,0.05648
1.01709,0.11877,-0.24380,0.10417,0.19339,-0.04092,0.28177,0.07664
2.09014,0.24096,-0.23875,0.29629,0.25658,0.07843,0.28518,0.27331
1.25840,0.28578,-0.21461,0.22316,0.24227,0.18637,0.35040,0.36493
0.31970,0.18444,-0.22832,0.06668,0.10741,0.19224,0.30465,0.24171
0.20594,0.20672,-0.19832,0.06780,0.02937,0.14955,0.29439,0.29459
0.09132,0.27381,-0.12419,-0.06280,0.06528,0.19186,0.26453,0.46876
0.09787,0.27363,-0.04359,-0.12368,0.07460,0.31029,0.20356,0.43277
0.07955,0.21093,-0.09264,-0.08215,0.02737,0.31891,0.19077,0.35405
0.22847,0.19589,0.01965,-0.16104,-0.03496,0.23311,0.12742,0.26555
0.32863,0.14738,0.18005,-0.07652,-0.05353,0.31996,0.19697,0.25151
0.38426,0.16049,0.20496,-0.08847,0.12302,0.41224,0.28619,0.34013
0.04142,0.13102,0.16116,-0.01442,0.31129,0.30499,0.19450,0.38145
0.11891,0.16049,0.23922,-0.11639,0.38691,0.35295,0.18646,0.29518
0.24231,0.20223,0.38946,-0.01219,0.35191,0.41960,0.24556,0.32646
0.21586,0.20582,0.44192,-0.06407,0.17412,0.32315,0.24017,0.22101
0.35360,0.21432,0.37124,-0.02898,0.14816,0.29083,0.21451,0.31810
0.29246,0.12839,0.18304,0.03546,0.04753,0.20307,0.22239,0.29631
0.33420,0.08736,-0.02558,0.20005,0.07131,0.22947,0.18234,0.27243
0.39647,0.23712,-0.12387,0.25226,0.06622,0.21840,0.14140,0.28566
0.25043,0.24742,-0.09544,0.18158,0.06975,0.22217,0.12516,0.25951
0.04392,0.20720,-0.03033,0.31387,0.13199,0.22666,0.22566,0.33379
0.02240,0.21314,-0.06351,0.21513,0.14634,0.19952,0.15451,0.26867
-0.09231,0.18658,-0.05481,0.14271,-0.03917,0.14974,0.05382,0.09428
-0.10837,0.22184,-0.03129,-0.11313,-0.09088,0.14862,0.00008,0.05312
-0.28829,0.07532,-0.19547,-0.29718,-0.15695,0.07943,-0.06955,0.01584
-0.35803,0.01749,-0.21598,-0.37043,-0.10816,0.05231,-0.08926,0.00271
-0.26113,0.04698,-0.22607,-0.32226,0.08720,0.12557,0.00597,0.12924
-0.24820,0.09803,-0.35330,-0.32194,0.11703,0.12005,0.02858,0.05485
-0.18413,0.22054,-0.31720,-0.35191,0.29161,0.10450,0.04958,0.17753
-0.28486,0.25261,-0.36334,-0.51150,0.41284,0.02338,0.16392,0.12800
-0.31681,0.14015,-0.39928,-0.56121,0.34824,-0.00549,0.24171,0.04701
-0.27133,0.14525,-0.39604,-0.51894,0.36986,-0.04941,0.25193,0.12258
-0.31480,0.14486,-0.43864,-0.61556,0.38695,-0.07402,0.21142,0.05128
-0.24291,0.18823,-0.49245,-0.54751,0.43216,-0.12032,0.24440,0.08742
-0.19785,0.18794,-0.54935,-0.53902,0.71691,-0.08008,0.26338,0.16830
-0.03553,0.13619,-0.57936,-0.40022,0.92805,0.03727,0.32426,0.22654
0.16435,0.22740,-0.58520,-0.24821,0.95154,0.14401,0.39669,0.31218
0.07533,0.26408,-0.59262,-0.34677,0.98234,0.10711,0.43780,0.32411
-0.07504,0.19255,-0.60078,-0.42165,0.98617,0.11123,0.29009,0.20207
-0.39217,-0.06956,-0.69744,-0.73017,0.27249,0.01608,0.01157,-0.04862
-0.37621,-0.13163,-0.57943,-0.74561,0.09349,0.19856,-0.00330,-0.06193
-0.16529,-0.09390,-0.43476,-0.59830,0.28570,0.29174,-0.08139,0.07165
-0.04098,-0.02313,-0.28155,-0.50629,0.46822,0.25550,-0.04026,0.23819
-0.02857,-0.07684,-0.23175,-0.56264,0.36231,0.24473,-0.09861,0.21324
0.09086,-0.05136,-0.25633,-0.54400,0.33107,0.27890,-0.10483,0.24030
0.42410,0.02336,-0.07562,-0.38826,0.22910,0.27096,-0.06610,0.37071
0.47341,-0.00504,-0.00816,-0.57924,0.13021,0.29430,-0.06778,0.35244
0.62002,0.04811,0.07871,-0.62997,0.02258,0.24307,-0.04977,0.41625
0.66170,0.12480,0.35049,-0.55194,0.04002,0.13969,0.02977,0.39519
