0.34870,0.02061,0.00000,-0.11365,1.12671,0.20100,0.01999,0.04571
0.29538,0.01811,0.00000,-0.16667,0.90261,0.13244,-0.00371,0.04975
0.19837,-0.01542,0.00000,-0.39833,0.51922,0.04882,-0.07198,-0.09258
0.27494,-0.04070,0.00000,-0.35168,0.63540,0.01152,-0.00607,-0.00655
0.51195,-0.01190,0.00000,-0.26675,0.48920,0.01103,0.02173,0.06619
0.48927,0.00367,0.00000,-0.31244,0.25715,0.01850,0.14077,0.40936
0.42915,-0.05596,0.00000,-0.40908,0.27090,0.01861,-0.03857,0.27925
0.26580,-0.08271,0.00000,-0.43653,0.24289,-0.03535,-0.24945,0.04953
0.25338,-0.06550,0.00000,-0.33745,0.27338,0.09121,-0.12190,0.27048
0.36362,-0.08896,0.00000,-0.20169,0.22858,0.13672,-0.13259,0.44213
0.24709,-0.09883,0.00000,-0.30859,0.19248,-0.01954,-0.39500,0.12634
0.27601,-0.12631,0.00000,-0.36479,0.16027,-0.13399,-0.46649,0.15462
0.33303,-0.15331,0.00000,-0.31636,0.06466,-0.19227,-0.43605,0.04169
0.27597,-0.15223,0.00000,-0.28161,0.08199,-0.11721,-0.45865,-0.01753
0.16402,-0.12696,0.00000,-0.07330,0.09245,-0.11217,-0.45987,-0.00411
0.11442,-0.15081,0.00000,-0.12663,0.01089,-0.08435,-0.55069,0.00336
0.11704,-0.12564,0.00000,-0.14288,0.07726,-0.09633,-0.50800,-0.00074
0.08171,-0.13704,0.00000,-0.06288,0.12781,-0.16923,-0.47622,-0.09372
0.10332,-0.09967,0.00000,-0.02256,0.05182,-0.12985,-0.36557,-0.08465
-0.01507,-0.08367,0.00000,0.08240,-0.01906,-0.14911,-0.31051,-0.05129
-0.08647,-0.07110,0.00000,-0.23260,-0.05348,-0.15646,-0.41000,-0.06793
-0.11329,-0.01070,0.00000,-0.26216,-0.03009,-0.08329,-0.31570,0.02769
-0.06902,-0.01440,0.00000,-0.17990,-0.00455,0.02793,-0.14412,0.21050
0.08270,0.07010,0.00000,-0.08871,0.05753,0.21669,0.17986,0.41781
0.32888,0.13798,0.00000,0.10488,0.16801,0.37324,0.30898,0.59051
0.50799,0.12150,0.00000,0.22476,0.09023,0.16949,0.29499,0.38664
0.89212,0.10877,0.00000,0.24424,0.26707,0.20462,0.36144,0.58033
1.42255,0.17701,0.00000,0.34911,0.36563,0.13005,0.62884,0.61709
1.30960,0.09915,0.00000,0.24633,0.43355,0.10935,0.40555,0.34340
1.23999,0.11939,0.00000,0.23541,0.44364,0.23815,0.46757,0.33995
0.92616,0.11442,0.00000,0.30459,0.46582,0.30878,0.49580,0.40094
1.07168,0.08075,0.00000,0.30790,0.61091,0.44217,0.67241,0.46300
1.12964,0.02095,0.00000,0.79752,0.61075,0.44910,0.72210,0.38283
0.84178,0.00595,0.00000,0.84247,0.40690,0.38801,0.62593,0.26258
0.49927,-0.01285,0.00000,0.55513,0.25497,0.23685,0.47269,0.10699
0.40048,-0.02771,0.00000,0.67293,0.19703,0.14890,0.52286,0.10976
0.46326,-0.03146,0.00000,0.77451,0.05282,0.10135,0.52756,0.05295
0.38431,-0.01772,0.00000,0.52804,0.05969,0.16380,0.44786,0.05657
0.44111,-0.02036,0.00000,0.60907,0.03855,0.18886,0.39458,0.04997
0.31958,-0.02672,0.00000,0.63371,-0.00418,0.19470,0.34816,0.04817
0.29076,-0.01601,0.00000,0.62916,-0.02941,0.26943,0.47356,0.12982
0.27321,-0.00498,0.00000,0.44800,-0.03315,0.29693,0.44324,0.23456
0.29305,-0.02098,0.00000,0.37064,-0.08840,0.20407,0.37003,0.13390
0.32957,0.01223,0.00000,0.37095,-0.15814,0.14414,0.36487,0.12005
0.40358,0.05148,0.00000,0.33511,-0.11564,0.00138,0.36376,0.14915
0.32350,0.03086,0.00000,0.23304,-0.06828,-0.02296,0.27900,0.16170
0.37733,0.03972,0.00000,0.24327,0.00611,0.06661,0.24479,0.29219
0.28647,0.03690,0.00000,0.28661,0.04045,0.10046,0.14620,0.24252
0.24787,0.04716,0.00000,0.29037,0.12860,0.21456,0.15307,0.31334
0.31529,0.05185,0.00000,0.55511,0.11947,0.25835,0.13786,0.40380
0.27098,0.02348,0.00000,0.47356,0.10332,0.22631,0.13751,0.25203
0.32990,-0.01137,0.00000,0.32523,0.08020,0.24646,0.09248,0.18288
0.35921,-0.03154,0.00000,0.49229,0.03554,0.22656,0.10000,0.16063
0.45894,-0.04736,0.00000,0.63693,0.05358,0.18555,0.07606,0.15400
0.64835,-0.05043,0.00000,0.87361,0.15829,0.21039,0.13096,0.30408
0.50109,-0.05190,0.00000,0.66339,0.14168,0.21003,0.03548,0.33489
0.48270,-0.06338,0.00000,0.59621,0.20020,0.33732,0.07910,0.33685
0.97683,-0.03618,0.00000,0.97518,0.24277,0.29480,0.17544,0.38552
0.98474,0.00636,0.00000,1.21761,0.17669,0.16801,0.22034,0.29168
0.68348,0.02203,0.00000,0.82735,0.10932,0.10813,0.13233,0.18968
0.69306,0.02399,0.00000,0.84885,0.04568,0.02511,0.11533,0.16603
0.59388,0.04437,0.00000,0.88495,0.14558,-0.02707,0.13465,0.08520
0.45362,0.07586,0.00000,0.68365,0.20852,-0.02153,0.07673,0.14399
0.53912,0.15573,0.00000,0.76189,0.31094,0.01365,0.16495,0.18278
0.48055,0.19728,0.00000,0.80898,0.28382,-0.01733,0.10796,0.16013
0.41627,0.24283,0.00000,0.80117,0.33492,-0.01597,0.07671,0.09952
0.21954,0.24979,0.00000,0.42530,0.34775,-0.02517,0.04218,0.02769
0.29684,0.23422,0.00000,0.51928,0.34524,-0.04236,0.13798,0.02715
0.27954,0.21762,0.00000,0.52862,0.19078,-0.09207,0.10903,-0.01956
0.19690,0.24616,0.00000,0.41128,0.17544,-0.01388,0.13479,-0.05054
0.27723,0.20728,0.11701,0.40010,0.28838,0.06747,0.14982,-0.01398
0.57355,0.20550,0.23993,0.59784,0.24895,0.11018,0.23885,0.10172
0.58198,0.23377,0.21463,0.62819,0.14571,0.15003,0.29534,0.16404
0.41105,0.15400,0.06177,0.47697,0.04217,0.12332,0.25950,0.21089
0.66636,0.15182,-0.03007,0.84177,0.06710,0.15325,0.36636,0.23956
0.75063,0.10435,-0.03536,1.05007,0.07070,0.16336,0.42797,0.24493
0.47645,0.00507,-0.07048,0.73620,-0.02632,0.11153,0.23931,0.18235
0.52132,-0.02599,-0.06561,0.59021,-0.06633,0.05735,0.25975,0.17650
0.44202,-0.07619,-0.21087,0.69579,-0.16511,-0.01773,0.16746,0.06542
0.46656,-0.04709,-0.23398,0.57084,-0.10499,-0.01952,0.11379,0.07414
0.46354,-0.05402,-0.20029,0.47751,-0.06399,-0.03827,0.18077,0.06717
0.44067,-0.08018,-0.23655,0.53751,-0.05343,-0.03611,0.24767,0.05753
0.48009,-0.04818,-0.22458,0.49413,-0.08006,-0.09322,0.27666,0.08728
0.40849,-0.07971,-0.20369,0.54204,-0.06817,-0.12362,0.23261,0.04486
0.12733,-0.13239,-0.25484,0.31265,-0.11381,-0.11033,0.08846,-0.09998
0.04923,-0.08038,-0.18506,0.22690,-0.09531,-0.08849,0.11845,-0.08625
-0.24697,-0.10175,-0.18408,-0.07659,-0.12045,-0.19205,-0.08408,-0.20100
-0.57454,-0.18621,-0.41143,-0.48122,-0.29032,-0.31246,-0.39576,-0.36385
-0.60977,-0.14450,-0.55357,-0.50336,-0.32542,-0.30604,-0.44325,-0.41328
-0.59927,-0.12618,-0.57277,-0.58277,-0.36550,-0.24634,-0.41038,-0.43378
-0.52063,-0.10136,-0.52505,-0.47540,-0.36775,-0.15552,-0.33281,-0.38179
-0.56152,-0.16781,-0.52286,-0.48599,-0.54301,-0.10344,-0.39383,-0.40498
-0.55744,-0.16972,-0.53882,-0.44647,-0.56090,-0.14808,-0.49605,-0.38658
-0.53943,-0.14021,-0.48024,-0.45712,-0.50196,-0.14213,-0.48964,-0.29842
-0.52583,-0.14930,-0.41847,-0.40805,-0.52800,-0.07966,-0.43431,-0.27905
-0.47733,-0.13760,-0.43882,-0.42431,-0.50374,-0.04442,-0.37721,-0.22349
-0.39181,-0.08342,-0.38688,-0.41094,-0.41833,-0.02393,-0.33021,-0.10793
-0.18599,-0.07081,-0.22122,-0.32838,-0.35199,-0.02604,-0.26104,-0.04662
0.05641,0.01512,-0.14660,-0.14486,-0.34913,0.04927,-0.10502,0.10733
0.94706,0.19401,0.44021,0.49008,-0.12804,0.15617,0.29495,0.49081
1.68341,0.19415,1.71797,0.56730,0.03989,0.24309,0.51404,0.86233
1.72161,0.23130,1.92481,0.92087,0.18570,0.21939,0.38161,1.03948
1.42735,0.21496,1.60576,0.75252,0.37301,0.20638,0.42439,1.15655
1.04534,0.27580,1.57891,0.71490,0.81035,0.15418,0.42949,1.19564
0.87572,0.34376,2.45581,0.68295,0.97579,0.38495,0.68589,1.33745
0.67008,0.29085,1.83079,0.60128,0.86360,0.27021,0.62762,0.83086
0.28641,0.22494,0.82927,0.36473,0.82418,0.13074,0.31773,0.55961
0.11646,0.24372,0.83708,0.35237,0.68406,0.11595,0.18868,0.34049
0.12452,0.23316,0.64145,0.51390,0.57336,0.09411,0.16871,0.25964
0.03820,0.16552,0.14084,0.41447,0.32382,0.07957,0.08915,0.17489
0.07532,0.11889,0.11407,0.41040,0.32884,0.11098,0.07912,0.16942
0.14005,0.18692,0.14761,0.36755,0.34399,0.21689,0.09275,0.22643
0.14520,0.22576,0.25693,0.43114,0.42881,0.21922,0.16438,0.32891
0.28843,0.18062,0.31534,0.50946,0.31968,0.17003,0.30299,0.34329
0.30819,0.21384,0.28854,0.43195,0.27056,0.16046,0.31555,0.28285
0.39441,0.28577,0.31922,0.62911,0.29729,0.19632,0.43801,0.36480
0.22143,0.19922,0.07293,0.55324,0.13096,0.18270,0.34519,0.20670
0.25187,0.16738,0.02041,0.44065,0.04357,0.32525,0.28789,0.21314
0.32182,0.21528,0.22625,0.46619,0.09760,0.54036,0.37218,0.35893
0.39489,0.17201,0.25110,0.52617,0.12935,0.55567,0.35294,0.33663
0.47790,0.16672,0.34346,0.55881,0.19664,0.56600,0.36827,0.37506
0.17332,0.08370,0.23407,0.37392,0.11095,0.35407,0.15230,0.15968
-0.05286,0.07874,0.16266,0.21054,-0.01077,0.36964,0.11690,0.14493
-0.15358,0.07473,0.04755,0.15330,-0.16912,0.34043,0.12851,0.12566
-0.13433,0.03558,0.01743,0.18660,-0.21802,0.29489,0.11368,0.10551
-0.21408,0.03161,0.00305,0.13467,-0.21892,0.30321,-0.00495,-0.00161
-0.14695,0.06464,0.04080,0.12970,-0.16968,0.31908,-0.01068,0.09162
-0.10621,0.07521,0.06310,0.10882,-0.18163,0.32047,0.01324,0.22398
-0.15505,0.11672,0.13143,0.13578,-0.13691,0.31437,0.06815,0.29515
-0.20893,0.11214,0.08209,0.17084,-0.12161,0.25548,0.03125,0.18501
-0.22881,0.09688,-0.00078,0.19482,-0.13228,0.18430,-0.01268,0.08683
-0.21333,0.14998,0.00613,0.01098,-0.12954,0.20568,-0.02268,0.06645
-0.23624,0.16930,0.05298,-0.08329,-0.09643,0.22124,-0.02326,0.10736
-0.04432,0.33897,0.16417,0.07319,0.06001,0.38592,0.22609,0.55648
0.13929,0.34957,0.12074,0.18341,0.17263,0.37006,0.23201,0.48594
0.15513,0.34341,0.17869,0.06023,0.23756,0.35311,0.20485,0.30193
0.06906,0.35970,0.15790,-0.09322,0.20501,0.30249,0.14356,0.14701
-0.02096,0.35720,0.14179,-0.08377,0.16803,0.30820,0.23223,0.25239
-0.04621,0.33676,0.15796,-0.02411,0.11196,0.24092,0.25105,0.25283
-0.10169,0.29006,0.11175,-0.00926,0.12319,0.26557,0.19993,0.10144
-0.04468,0.28486,0.08487,-0.02754,0.13023,0.31318,0.17240,0.10109
-0.06511,0.29622,0.06991,-0.02465,0.09197,0.42678,0.10911,0.09128
0.07353,0.32119,0.17905,0.04697,0.16227,0.47928,0.24528,0.22794
0.04889,0.27634,0.23755,0.17014,0.16955,0.44011,0.31796,0.39178
0.02865,0.31541,0.22342,0.25449,0.21292,0.47455,0.34036,0.38479
0.03811,0.28589,0.17251,0.19498,0.23905,0.46654,0.27058,0.20577
0.04293,0.26384,0.18461,0.22201,0.18644,0.48568,0.27582,0.27063
0.06764,0.27868,0.20502,0.52018,0.26758,0.50225,0.33802,0.43672
0.13276,0.28509,0.27902,0.67372,0.43367,0.62762,0.43773,0.45661
0.18239,0.26772,0.30332,0.57804,0.41620,0.65214,0.38778,0.48975
0.09947,0.24374,0.22702,0.42878,0.36300,0.72885,0.34115,0.47070
0.06249,0.23603,0.22250,0.28908,0.26746,0.75977,0.32758,0.42591
0.07115,0.20599,0.23267,0.36559,0.29882,0.69469,0.33740,0.43754
0.19806,0.15356,0.27382,0.41619,0.29792,0.41119,0.36449,0.45236
0.17263,0.12618,0.17321,0.25011,0.20789,0.29309,0.26466,0.40122
0.22730,0.18726,0.19266,0.24355,0.27778,0.37323,0.34865,0.46663
0.30629,0.14398,0.12915,0.21050,0.17416,0.33361,0.30163,0.47749
0.20422,0.14184,0.16077,0.15270,0.12917,0.35230,0.22993,0.50454
0.11237,0.13726,0.14582,0.07781,0.13163,0.34769,0.19147,0.51565
-0.03783,0.04722,0.02528,-0.12309,0.03485,0.34579,0.05939,0.33515
-0.10411,0.05372,0.00594,-0.16726,0.05057,0.43573,0.04114,0.45547
-0.18822,0.03725,0.01418,-0.27237,0.03013,0.45256,-0.01827,0.42243
-0.28249,-0.01092,0.00416,-0.32913,0.02228,0.40603,-0.08226,0.30531
-0.23345,0.01934,0.01317,-0.30808,0.08682,0.39552,-0.08556,0.35960
-0.25157,0.04580,0.00227,-0.37283,0.04109,0.41667,-0.09354,0.34574
-0.25525,0.08739,-0.00194,-0.32638,0.04722,0.50438,-0.06964,0.34726
-0.22860,0.09035,-0.00705,-0.25918,0.07798,0.50660,-0.10498,0.31815
-0.27083,0.08483,-0.01592,-0.30258,0.06586,0.42688,-0.16254,0.25259
-0.41237,0.08349,-0.00840,-0.37619,0.06137,0.38942,-0.20597,0.13196
-0.49932,0.00597,0.00927,-0.36637,0.11154,0.30176,-0.21439,0.10514
-0.52474,-0.02885,-0.03814,-0.37483,0.10922,0.17389,-0.24873,0.02730
-0.43621,0.05176,0.03217,-0.26937,0.17787,0.13462,-0.16929,0.11793
-0.48780,0.06069,-0.03535,-0.22235,0.04558,0.08875,-0.17225,0.04045
-0.50921,0.00410,-0.04457,-0.15594,0.06957,0.04734,-0.20379,0.05347
-0.54323,-0.02709,-0.06439,-0.20249,0.00934,-0.04331,-0.22138,-0.05825
-0.48998,-0.06084,-0.09688,-0.21615,0.00576,-0.11794,-0.18242,-0.11926
-0.30284,-0.04082,-0.08691,-0.07745,0.06116,-0.14014,-0.10138,-0.03887
-0.27132,-0.03406,-0.06997,-0.17976,0.08164,-0.12005,-0.08175,-0.04117
-0.29232,-0.02362,-0.04840,-0.18433,0.05549,-0.12294,-0.01865,-0.11589
-0.24613,-0.04464,-0.07148,-0.10873,0.05189,-0.11906,0.04467,-0.08356
0.00483,-0.04204,-0.05061,-0.04431,0.06619,-0.08224,0.14086,0.00965
0.18609,0.03736,-0.15030,-0.04417,0.03690,0.01770,0.21234,0.07310
0.09303,0.06078,-0.18194,-0.06149,0.07106,0.04573,0.24222,0.13128
-0.03832,-0.00295,-0.20688,-0.09622,-0.01173,0.03378,0.16795,0.12530
0.48945,-0.00299,-0.15420,-0.17088,0.04111,0.00375,0.14466,0.13560
