0.36237,0.01075,0.00000,0.00231,0.31328,0.17280,-0.10353,-0.00864
0.30118,0.00614,0.00000,-0.00028,0.31146,0.08759,-0.00210,0.00343
0.19050,-0.02338,0.00000,-0.23424,0.24121,0.00170,-0.02042,-0.12572
0.31007,-0.03885,0.00000,-0.18665,0.31374,-0.02282,0.22257,-0.01206
0.44607,-0.00824,0.00000,-0.13678,0.31685,-0.01375,0.05154,0.09216
0.43630,0.00529,0.00000,-0.19086,0.35192,0.00426,0.05621,0.45884
0.40040,-0.05034,0.00000,-0.26956,0.38655,-0.01130,0.05044,0.32105
0.30603,-0.07302,0.00000,-0.29809,0.33289,-0.07380,-0.02151,0.08413
0.30267,-0.05171,0.00000,-0.20568,0.31156,0.08704,0.22045,0.32128
0.39592,-0.07296,0.00000,-0.11364,0.28829,0.12426,0.23978,0.53902
0.23754,-0.08108,0.00000,-0.23507,0.26160,-0.07118,-0.01780,0.18493
0.28537,-0.10522,0.00000,-0.27128,0.16434,-0.20176,-0.02073,0.22747
0.28939,-0.13398,0.00000,-0.24198,0.22046,-0.25008,-0.06385,0.10211
0.19086,-0.13103,0.00000,-0.23312,0.18382,-0.15882,-0.15996,0.02706
0.15045,-0.10789,0.00000,-0.05500,0.18190,-0.14793,-0.12820,0.02987
0.07176,-0.13210,0.00000,-0.09725,0.12855,-0.12502,-0.29950,0.02671
0.07271,-0.11225,0.00000,-0.10764,0.13980,-0.14096,-0.34971,0.02116
-0.00727,-0.12298,0.00000,-0.03836,0.10554,-0.21656,-0.33234,-0.08692
-0.02603,-0.09223,0.00000,0.01805,0.06077,-0.18087,-0.24678,-0.08461
-0.13010,-0.07596,0.00000,0.12632,0.07431,-0.20668,-0.20585,-0.05165
-0.18878,-0.06478,0.00000,-0.14411,0.07503,-0.23707,-0.31768,-0.06052
-0.20699,-0.01286,0.00000,-0.17023,0.10835,-0.16533,-0.29347,0.03484
-0.15563,-0.01661,0.00000,-0.10115,0.09024,-0.03230,-0.19743,0.17863
-0.05142,0.05850,0.00000,-0.01700,0.11860,0.15908,0.03313,0.31630
0.12809,0.12090,0.00000,0.17467,0.19572,0.27770,0.12871,0.39620
0.29528,0.10823,0.00000,0.26925,0.18684,0.08231,0.10939,0.25710
0.54631,0.09722,0.00000,0.28242,0.23176,0.12614,0.16657,0.43868
0.92789,0.16443,0.00000,0.38772,0.28440,0.05879,0.35540,0.46949
0.84496,0.09625,0.00000,0.33329,0.31371,0.02349,0.41381,0.25254
0.82918,0.11552,0.00000,0.35176,0.31295,0.15619,0.50538,0.30729
0.68386,0.11431,0.00000,0.41530,0.35453,0.24365,0.52638,0.40745
0.84105,0.08176,0.00000,0.40449,0.37675,0.40716,0.69123,0.48845
0.88912,0.02842,0.00000,0.80679,0.41062,0.45602,0.79582,0.39395
0.74060,0.01708,0.00000,0.86773,0.29593,0.37929,0.83157,0.28384
0.45424,-0.00562,0.00000,0.61651,0.21747,0.20734,0.58494,0.15903
0.41696,-0.01865,0.00000,0.68588,0.20856,0.11986,0.58861,0.18304
0.52293,-0.02229,0.00000,0.77136,0.11960,0.07805,0.59806,0.13627
0.49037,-0.01404,0.00000,0.56208,0.11383,0.14261,0.52066,0.14761
0.60849,-0.01848,0.00000,0.62889,0.10535,0.15699,0.50110,0.14802
0.51615,-0.02537,0.00000,0.64024,0.08048,0.17135,0.57591,0.14457
0.52375,-0.01500,0.00000,0.62346,0.06503,0.24665,0.68198,0.24179
0.55487,-0.00712,0.00000,0.43594,0.07777,0.28475,0.60445,0.34734
0.54009,-0.02034,0.00000,0.35677,0.03301,0.17430,0.36308,0.19998
0.58775,0.00832,0.00000,0.40216,0.00841,0.11668,0.32643,0.16188
0.67232,0.04309,0.00000,0.40395,-0.01580,-0.03823,0.39910,0.18161
0.48627,0.02240,0.00000,0.29906,-0.02462,-0.06726,0.25079,0.19609
0.51892,0.03136,0.00000,0.32221,0.00951,0.04295,0.24502,0.32133
0.36171,0.02740,0.00000,0.38560,0.02701,0.07665,0.19463,0.26727
0.28936,0.03918,0.00000,0.39381,0.05489,0.20263,0.24880,0.32194
0.36005,0.04585,0.00000,0.58482,0.14148,0.24959,0.34465,0.39367
0.30820,0.02260,0.00000,0.50895,0.15883,0.22264,0.31445,0.23781
0.32589,-0.00768,0.00000,0.34582,0.09609,0.26508,0.16558,0.17924
0.33564,-0.02642,0.00000,0.47151,-0.00874,0.27419,0.13902,0.15073
0.40238,-0.03647,0.00000,0.60448,0.00607,0.24592,0.16719,0.14032
0.57629,-0.04035,0.00000,0.81502,0.11628,0.33613,0.28711,0.28731
0.48847,-0.04387,0.00000,0.60254,0.11315,0.36852,0.19879,0.31179
0.55357,-0.05146,0.00000,0.52018,0.20413,0.55366,0.15330,0.33433
1.05315,-0.02291,0.00000,0.83428,0.32414,0.53474,0.24826,0.37179
1.08248,0.02072,0.00000,0.99030,0.29434,0.34352,0.28451,0.25871
0.84859,0.03151,0.00000,0.66945,0.16818,0.22511,0.13451,0.14048
0.85645,0.02692,0.00000,0.70970,0.08872,0.13388,0.09451,0.12208
0.70971,0.04243,0.00000,0.77230,0.24722,0.06489,0.08985,0.05017
0.56179,0.06930,0.00000,0.57744,0.32120,0.06393,0.02944,0.10562
0.73592,0.13772,0.00000,0.65957,0.53538,0.09234,0.09392,0.15753
0.65345,0.17572,0.00000,0.71819,0.61195,0.08477,0.00510,0.14232
0.59267,0.21298,0.00000,0.70884,0.71941,0.08168,0.04152,0.08269
0.39458,0.21841,0.00000,0.37308,0.76687,0.02748,0.07139,0.01567
0.42460,0.20428,0.00000,0.46288,0.66157,-0.02460,0.12584,0.02240
0.31697,0.18518,0.00000,0.44944,0.45051,-0.09080,0.08818,-0.02949
0.22231,0.20901,0.00000,0.35395,0.40422,-0.00659,0.13221,-0.05799
0.26266,0.17308,0.17603,0.35743,0.59236,0.07458,0.14789,-0.00126
0.45871,0.17272,0.36095,0.54095,0.53543,0.12096,0.30322,0.13314
0.41231,0.19627,0.32288,0.55253,0.34359,0.17922,0.35254,0.20480
0.26176,0.13072,0.09293,0.39195,0.13325,0.18352,0.24923,0.24562
0.47995,0.12908,-0.04524,0.71458,0.10863,0.22165,0.26409,0.28664
0.49088,0.09071,-0.05320,0.92902,0.08199,0.22266,0.25752,0.27156
0.26358,0.00491,-0.10603,0.67804,-0.09170,0.12269,0.26780,0.19213
0.32584,-0.02467,-0.09871,0.55732,-0.14456,0.05751,0.21574,0.19006
0.24537,-0.06838,-0.31724,0.65390,-0.26383,-0.00981,-0.01524,0.08864
0.28060,-0.03789,-0.35200,0.54397,-0.21137,-0.00547,0.00546,0.10161
0.32542,-0.04170,-0.30131,0.49014,-0.17909,-0.01286,-0.02902,0.09230
0.31137,-0.06643,-0.35586,0.53645,-0.16031,0.01342,0.00147,0.08076
0.36969,-0.03992,-0.33786,0.53486,-0.18472,-0.05325,0.11262,0.08778
0.35142,-0.06508,-0.30644,0.51904,-0.18675,-0.05653,-0.02198,0.03124
0.11842,-0.10819,-0.38337,0.29986,-0.20070,-0.06225,-0.13102,-0.11682
0.04550,-0.06053,-0.27841,0.25917,-0.08212,-0.09450,-0.05456,-0.09893
-0.21391,-0.07928,-0.27693,0.00223,-0.07081,-0.19684,-0.12524,-0.21800
-0.49868,-0.15470,-0.61896,-0.39131,-0.28239,-0.31304,-0.36094,-0.39138
-0.50765,-0.12340,-0.83278,-0.41242,-0.33605,-0.28738,-0.43941,-0.45894
-0.46539,-0.10757,-0.86168,-0.45902,-0.34383,-0.23492,-0.42381,-0.48689
-0.38376,-0.08664,-0.78988,-0.35426,-0.32733,-0.11588,-0.24645,-0.43176
-0.46114,-0.14800,-0.78659,-0.37500,-0.43310,-0.04120,-0.29792,-0.45991
-0.51501,-0.14803,-0.81060,-0.34375,-0.47598,-0.08892,-0.40779,-0.44833
-0.48252,-0.12103,-0.72247,-0.36757,-0.41122,-0.12871,-0.43678,-0.35016
-0.49033,-0.12710,-0.62955,-0.34245,-0.44526,-0.06907,-0.43003,-0.32433
-0.43271,-0.11494,-0.66016,-0.34144,-0.38372,-0.04448,-0.38077,-0.26619
-0.33650,-0.06937,-0.58202,-0.30516,-0.29079,-0.02605,-0.32323,-0.15089
-0.13360,-0.05783,-0.33280,-0.22175,-0.27482,0.00415,-0.28250,-0.07243
0.06821,0.01634,-0.22054,-0.05915,-0.25162,0.07395,-0.15261,0.07852
0.69445,0.17170,0.66224,0.54761,0.04241,0.18018,0.22467,0.47848
1.09960,0.17926,2.58451,0.61236,0.30916,0.27093,0.53037,0.94093
1.03350,0.21372,2.89567,0.81730,0.31266,0.25379,0.49275,1.14413
0.88740,0.20431,2.41570,0.66960,0.40497,0.21880,0.40057,1.25706
0.63438,0.25920,2.37530,0.67245,0.54322,0.15129,0.35008,1.31912
0.62128,0.31487,3.69450,0.65061,0.81502,0.36987,0.75561,1.51954
0.44833,0.26986,2.75422,0.63040,0.63689,0.25859,0.80867,0.94994
0.20623,0.20971,1.24755,0.42605,0.52864,0.12723,0.56983,0.65507
0.03629,0.22175,1.25930,0.41989,0.34654,0.09510,0.51757,0.41414
0.04268,0.21249,0.96500,0.52568,0.29196,0.08345,0.43822,0.33311
-0.03873,0.14744,0.21187,0.39996,0.10280,0.07167,0.30997,0.18237
-0.01943,0.10576,0.17161,0.38719,0.05332,0.09518,0.21292,0.15083
0.04370,0.16380,0.22206,0.33553,0.16396,0.19799,0.14750,0.20409
0.07389,0.19514,0.38652,0.36640,0.33614,0.20239,0.08093,0.27569
0.16622,0.15615,0.47439,0.44401,0.35634,0.15933,0.08018,0.30207
0.18173,0.18146,0.43407,0.39162,0.31569,0.15682,0.10245,0.24648
0.30595,0.23823,0.48023,0.52778,0.36367,0.20401,0.16951,0.29265
0.15424,0.16183,0.10971,0.49081,0.20024,0.19759,0.09336,0.13781
0.15990,0.13065,0.03070,0.38709,0.09801,0.34770,0.12100,0.13234
0.19195,0.16822,0.34037,0.43151,0.16622,0.56630,0.15749,0.26159
0.23419,0.12998,0.37775,0.47076,0.23770,0.57930,0.12927,0.24735
0.30024,0.12599,0.51670,0.51671,0.40303,0.58809,0.12036,0.28904
0.06860,0.05817,0.35213,0.34136,0.34956,0.36882,-0.04455,0.09943
-0.07585,0.05587,0.24470,0.20296,0.22298,0.38469,-0.03491,0.07632
-0.11201,0.05421,0.07154,0.16768,-0.06406,0.34504,-0.03495,0.06486
-0.07101,0.01931,0.02622,0.22312,-0.11169,0.27625,-0.03170,0.06884
-0.14215,0.01489,0.00459,0.16456,-0.11192,0.27130,-0.07649,-0.03432
-0.09133,0.04433,0.06139,0.16473,-0.01363,0.28573,-0.05543,0.06204
-0.07644,0.05631,0.09493,0.14854,0.06327,0.28551,-0.00576,0.20919
-0.10417,0.09060,0.19773,0.14841,0.02050,0.27543,0.05739,0.28057
-0.15377,0.08852,0.12349,0.16710,0.04976,0.20347,-0.00522,0.17748
-0.18243,0.07715,-0.00117,0.16165,0.04539,0.16932,-0.03629,0.08314
-0.14186,0.12260,0.00922,0.00678,0.01007,0.20210,0.00626,0.05822
-0.13792,0.13629,0.07970,-0.05863,-0.00517,0.20415,0.05179,0.10080
0.06265,0.28276,0.24698,0.11793,0.15157,0.37571,0.32801,0.55125
0.17296,0.29211,0.18164,0.20865,0.23271,0.37764,0.35064,0.48754
0.15778,0.28349,0.26882,0.07970,0.30099,0.34341,0.34960,0.30758
0.08517,0.29888,0.23754,-0.08093,0.24249,0.29035,0.30117,0.14835
0.03077,0.29747,0.21331,-0.07972,0.26522,0.30708,0.37168,0.26823
0.02921,0.28040,0.23763,-0.02490,0.17754,0.26587,0.32066,0.26469
-0.02435,0.23928,0.16811,-0.01202,0.05922,0.28656,0.20254,0.11723
0.02264,0.23706,0.12767,-0.02709,0.15804,0.34029,0.14339,0.13056
0.00210,0.24612,0.10517,-0.02093,0.15714,0.48186,0.08709,0.12843
0.16119,0.26958,0.26937,0.06681,0.23315,0.51850,0.26013,0.28187
0.13470,0.23744,0.35737,0.16624,0.22916,0.48018,0.28559,0.47168
0.11573,0.27197,0.33611,0.21902,0.22719,0.53170,0.33648,0.47579
0.11526,0.22506,0.25953,0.14294,0.20624,0.50153,0.29556,0.27279
0.14917,0.19859,0.27773,0.17981,0.17549,0.51673,0.26366,0.32601
0.16756,0.21296,0.30842,0.44246,0.27737,0.57264,0.30277,0.50192
0.22415,0.23523,0.41976,0.56092,0.44552,0.72717,0.39832,0.49058
0.22111,0.22836,0.45631,0.49876,0.41404,0.76752,0.41040,0.49946
0.11455,0.22154,0.34152,0.37157,0.35849,0.82676,0.43329,0.47551
0.08119,0.21581,0.33473,0.25267,0.27723,0.86854,0.49440,0.40913
0.08993,0.20003,0.35003,0.30546,0.28063,0.75181,0.57262,0.39613
0.20971,0.14443,0.41193,0.33471,0.26261,0.42855,0.56385,0.40040
0.17495,0.09796,0.26058,0.15691,0.32000,0.27800,0.46581,0.31449
0.20533,0.13190,0.28984,0.15102,0.60920,0.35660,0.50211,0.39561
0.23527,0.09953,0.19429,0.12482,0.54306,0.32478,0.38780,0.40959
0.18352,0.11672,0.24186,0.10464,0.59241,0.35361,0.26769,0.43395
0.14015,0.11662,0.21936,0.03072,0.68373,0.34893,0.24297,0.41827
0.00004,0.03664,0.03803,-0.12368,0.57332,0.35090,0.14507,0.24872
-0.04087,0.03110,0.00893,-0.15604,0.59451,0.45891,0.14622,0.36473
-0.10333,-0.00356,0.02134,-0.22039,0.58951,0.46742,0.09623,0.33243
-0.19791,-0.05175,0.00626,-0.26017,0.61432,0.41301,0.02745,0.21741
-0.13845,-0.01024,0.01982,-0.25008,0.67740,0.38612,0.05930,0.27686
-0.15810,0.01951,0.00341,-0.31933,0.61052,0.43345,0.01827,0.25420
-0.16754,0.06689,-0.00293,-0.27048,0.57338,0.54999,0.09305,0.25369
-0.14813,0.07518,-0.01060,-0.21175,0.42060,0.57477,0.02845,0.24267
-0.16649,0.06743,-0.02394,-0.25294,0.20773,0.47514,-0.00123,0.15090
-0.28314,0.06046,-0.01264,-0.31631,0.17625,0.41442,0.03370,0.03273
-0.34172,-0.02063,0.01395,-0.30569,0.07930,0.32589,0.06179,0.02631
-0.40921,-0.05736,-0.05738,-0.31614,0.00781,0.18861,-0.01290,-0.03586
-0.32164,0.01856,0.04840,-0.21022,0.04919,0.12478,0.07223,0.05464
-0.36513,0.02980,-0.05317,-0.16700,0.01061,0.10169,0.05195,-0.01637
-0.37193,-0.02039,-0.06705,-0.13326,-0.01236,0.05160,0.04896,-0.00432
-0.38156,-0.05398,-0.09687,-0.16789,-0.08012,-0.06746,0.07330,-0.10840
-0.34164,-0.10129,-0.14575,-0.15666,-0.08945,-0.15217,-0.05259,-0.16667
-0.17686,-0.08137,-0.13075,-0.01348,0.00957,-0.18166,0.00771,-0.08075
-0.13305,-0.07333,-0.10527,-0.09968,0.13067,-0.16616,-0.03261,-0.09305
-0.15997,-0.06071,-0.07281,-0.06773,0.10649,-0.17602,0.01285,-0.16146
-0.10680,-0.07347,-0.10753,-0.01177,0.12181,-0.18094,0.08165,-0.12044
0.12050,-0.06190,-0.07614,0.06638,0.21034,-0.14499,0.12291,-0.01746
0.18959,0.01497,-0.22612,0.06561,0.29332,-0.03977,0.19402,0.03198
0.15644,0.04642,-0.27371,0.05283,0.34824,-0.01731,0.27616,0.11171
0.05359,-0.02008,-0.31123,0.00365,0.24654,-0.02222,0.21197,0.09290
0.46224,-0.00806,-0.23198,-0.07232,0.20708,-0.04945,0.24016,0.09956
0.80352,0.08479,-0.24380,0.11113,0.28515,-0.05668,0.27597,0.13031
1.35143,0.19081,-0.23875,0.26430,0.36215,0.04630,0.27788,0.35327
0.90041,0.23362,-0.21461,0.17640,0.41136,0.13809,0.36422,0.47635
0.35842,0.15592,-0.22832,0.03035,0.28236,0.13712,0.32024,0.33462
0.23319,0.18144,-0.19832,0.01455,0.18830,0.12343,0.31215,0.41218
0.18099,0.21580,-0.12419,-0.08925,0.20159,0.14997,0.28596,0.60895
0.14922,0.22193,-0.04359,-0.13416,0.21611,0.24466,0.22683,0.53200
0.10713,0.17794,-0.09264,-0.11035,0.17757,0.23902,0.21190,0.42048
0.17339,0.16796,0.01965,-0.17337,0.10227,0.15759,0.15351,0.31189
0.24541,0.13411,0.18005,-0.09720,0.09954,0.23234,0.22572,0.26967
0.30955,0.13878,0.20496,-0.09900,0.23013,0.29469,0.31754,0.34392
0.02385,0.09900,0.16116,-0.01457,0.20525,0.22036,0.22529,0.39530
0.05839,0.13157,0.23922,-0.08792,0.20377,0.25258,0.21525,0.29705
0.20061,0.16344,0.38946,0.01559,0.19796,0.30566,0.27599,0.34015
0.14819,0.15112,0.44192,-0.04006,0.07444,0.20153,0.27063,0.22528
0.20959,0.14032,0.37124,-0.01662,0.07864,0.16355,0.24502,0.32868
0.17318,0.07410,0.18304,0.07192,0.01133,0.11110,0.25860,0.30187
0.21812,0.07405,-0.02558,0.24963,0.07135,0.13720,0.21148,0.27859
0.27545,0.19798,-0.12387,0.29220,0.05629,0.13613,0.16926,0.29225
0.18613,0.23024,-0.09544,0.24487,0.03128,0.14548,0.15127,0.27444
0.10975,0.20292,-0.03033,0.33767,0.06208,0.16769,0.24498,0.32442
0.11286,0.23689,-0.06351,0.24708,0.06097,0.13970,0.17223,0.26116
-0.00364,0.21728,-0.05481,0.16194,-0.10968,0.11436,0.07317,0.08706
0.01042,0.24176,-0.03129,-0.03639,-0.15753,0.11360,0.00728,0.02370
-0.17914,0.08714,-0.19547,-0.21190,-0.23344,0.04407,-0.06348,-0.00876
-0.24695,0.04538,-0.21598,-0.27459,-0.18754,0.01545,-0.08268,-0.03343
-0.14444,0.08517,-0.22607,-0.19780,-0.02415,0.07977,0.01098,0.08512
-0.15471,0.12457,-0.35330,-0.18297,-0.02981,0.08765,0.02822,0.00937
-0.10499,0.22750,-0.31720,-0.24475,0.10512,0.05595,0.04261,0.11413
-0.20097,0.23211,-0.36334,-0.43174,0.13892,-0.00363,0.16368,0.05538
-0.24500,0.12992,-0.39928,-0.48558,0.09473,-0.04226,0.24302,-0.00835
-0.19277,0.11844,-0.39604,-0.45424,0.15024,-0.05235,0.25185,0.08227
-0.25221,0.09773,-0.43864,-0.54109,0.14872,-0.08889,0.21505,0.03466
