0.34013,-0.01611,0.00000,-0.20206,1.22296,0.24204,0.00000,-0.24134
0.29175,-0.02576,0.00000,-0.24432,1.05250,0.15996,0.00000,-0.22392
0.20329,-0.05920,0.00000,-0.44906,0.52282,0.07263,0.00000,-0.33929
0.25292,-0.06016,0.00000,-0.40231,0.72873,0.00688,0.00000,-0.17961
0.55322,-0.01996,0.00000,-0.34369,0.65636,0.04454,0.00000,-0.11907
0.52246,-0.00111,0.00000,-0.39038,0.42390,0.02670,0.18980,-0.01365
0.44717,-0.07032,0.00000,-0.46815,0.41622,0.05814,0.02826,-0.05658
0.24059,-0.09107,0.00000,-0.50179,0.39186,0.01614,-0.03343,-0.12967
0.22250,-0.03896,0.00000,-0.39198,0.41641,0.17059,-0.01028,0.02590
0.34338,-0.06739,0.00000,-0.24662,0.30601,0.23891,-0.01555,-0.00162
0.25308,-0.07553,0.00000,-0.34340,0.21759,0.04937,-0.30329,-0.22356
0.27014,-0.10093,0.00000,-0.39460,0.11819,-0.09434,-0.27268,-0.27342
0.36037,-0.15487,0.00000,-0.32717,0.04383,-0.11931,-0.16809,-0.27648
0.32930,-0.14856,0.00000,-0.27775,0.05238,-0.03484,-0.24100,-0.27279
0.17253,-0.12671,0.00000,-0.05230,0.19402,-0.03997,-0.34103,-0.19877
0.14115,-0.16195,0.00000,-0.12618,0.08070,-0.00877,-0.46578,-0.20507
0.14482,-0.14036,0.00000,-0.11918,0.11178,-0.09819,-0.33975,-0.16941
0.13746,-0.15422,0.00000,-0.04500,0.17132,-0.17663,-0.26255,-0.25106
0.18436,-0.12737,0.00000,0.00016,0.10385,-0.13906,-0.11122,-0.24041
0.05701,-0.10900,0.00000,0.11753,0.03659,-0.16692,-0.16767,-0.17415
-0.02236,-0.10276,0.00000,-0.20630,0.02522,-0.16101,-0.21880,-0.13899
-0.05457,-0.04590,0.00000,-0.25414,0.09818,-0.10161,-0.15095,0.05891
-0.01475,-0.04545,0.00000,-0.17082,0.15639,-0.00161,-0.06754,0.16910
0.16674,0.04120,0.00000,-0.07453,0.28130,0.21180,-0.04676,0.25085
0.45468,0.12070,0.00000,0.13294,0.38124,0.28071,0.06989,0.20032
0.64127,0.11333,0.00000,0.24494,0.24062,0.08048,0.24931,0.16186
1.10880,0.11089,0.00000,0.23800,0.34165,0.13219,0.43745,0.37805
1.73250,0.20536,0.00000,0.33055,0.41660,0.05980,0.76627,0.43982
1.60074,0.13026,0.00000,0.24690,0.52604,0.07366,0.46400,0.24089
1.49740,0.15840,0.00000,0.24218,0.54443,0.19292,0.43036,0.39787
1.07798,0.17318,0.00000,0.32024,0.56921,0.27638,0.34604,0.63953
1.21619,0.13669,0.00000,0.34367,0.69125,0.43672,0.45338,0.75819
1.28035,0.08434,0.00000,0.81072,0.71718,0.43000,0.23626,0.58075
0.90518,0.07685,0.00000,0.87257,0.40409,0.39293,0.11058,0.40974
0.52749,0.02100,0.00000,0.57551,0.14815,0.31838,0.13875,0.28304
0.39015,0.00303,0.00000,0.71177,0.01679,0.23702,0.28328,0.33790
0.42587,0.00109,0.00000,0.84884,-0.11120,0.22599,0.34065,0.28587
0.31786,0.00382,0.00000,0.60587,-0.05763,0.29702,0.23498,0.30936
0.33624,-0.00496,0.00000,0.69935,-0.04298,0.32988,0.22348,0.30117
0.19642,-0.01562,0.00000,0.71750,-0.11142,0.33472,0.15289,0.32661
0.14477,-0.00585,0.00000,0.68551,-0.17814,0.41682,0.32631,0.49898
0.09672,-0.00930,0.00000,0.49522,-0.16380,0.45047,0.42186,0.63064
0.13826,-0.02710,0.00000,0.41412,-0.21977,0.34549,0.36583,0.28413
0.16780,0.00394,0.00000,0.40478,-0.26725,0.26125,0.52132,0.18588
0.23518,0.04064,0.00000,0.41621,-0.25656,0.04171,0.50391,0.22170
0.22150,0.00843,0.00000,0.28935,-0.21422,0.01085,0.44684,0.26039
0.28861,0.02299,0.00000,0.32713,-0.11888,0.10220,0.48791,0.42690
0.23932,0.01373,0.00000,0.35599,-0.04541,0.10802,0.36491,0.36964
0.22187,0.03617,0.00000,0.34313,0.04190,0.19765,0.34808,0.43248
0.28725,0.04922,0.00000,0.67562,0.04479,0.23761,0.40873,0.45751
0.24766,0.02805,0.00000,0.61777,0.02094,0.20899,0.39810,0.25389
0.33241,-0.00411,0.00000,0.45712,0.03085,0.22891,0.39048,0.16569
0.37398,-0.02340,0.00000,0.59890,-0.01127,0.22949,0.48492,0.08653
0.49438,-0.01711,0.00000,0.73164,-0.01602,0.19864,0.43830,0.05401
0.69350,-0.02235,0.00000,0.97253,0.10662,0.20616,0.61552,0.20632
0.50900,-0.02963,0.00000,0.70253,0.10579,0.19765,0.40634,0.19974
0.43829,-0.03272,0.00000,0.55309,0.14868,0.38295,0.47877,0.25039
0.92901,0.01815,0.00000,0.94095,0.19981,0.32309,0.65601,0.26573
0.92350,0.09604,0.00000,1.11331,0.16605,0.16909,0.65172,0.08983
0.58002,0.09391,0.00000,0.75009,0.08983,0.15977,0.48783,-0.04896
0.59069,0.05271,0.00000,0.77475,0.01705,0.07054,0.49103,-0.07901
0.52130,0.08100,0.00000,0.80855,0.12489,0.01777,0.46375,-0.08735
0.38584,0.11816,0.00000,0.61138,0.19172,0.01856,0.30333,-0.01365
0.41581,0.20155,0.00000,0.66719,0.32969,0.04572,0.31029,0.05844
0.37221,0.26080,0.00000,0.74298,0.35277,-0.00934,0.17529,0.02134
0.30574,0.30633,0.00000,0.73958,0.41445,-0.02644,0.11919,-0.03514
0.10987,0.32038,0.00000,0.37660,0.44692,-0.02616,-0.03171,-0.07239
0.21679,0.29439,0.00000,0.51278,0.42937,-0.04700,0.02768,-0.02193
0.25608,0.26693,0.00000,0.55761,0.29794,-0.09969,0.08642,-0.11486
0.18099,0.33474,0.00000,0.44042,0.30683,-0.02475,0.06851,-0.12001
0.28637,0.30920,0.00000,0.46711,0.44778,0.03351,0.10523,-0.00484
0.64550,0.31330,0.00000,0.70359,0.42585,0.06405,0.21680,0.18559
0.68829,0.34760,0.00000,0.76939,0.30297,0.08615,0.32822,0.32999
0.50459,0.29781,0.00000,0.59794,0.15607,0.08493,0.40314,0.32476
0.78316,0.32078,0.00000,1.00086,0.20000,0.13262,0.73796,0.41231
0.91339,0.31220,0.00000,1.27976,0.19139,0.15968,1.00384,0.35187
0.60983,0.16839,0.00000,0.90474,0.08209,0.11712,0.71033,0.26591
0.64380,0.11591,0.00000,0.76665,0.04322,0.05702,0.75009,0.29609
0.56524,0.02601,0.00000,0.85780,-0.09149,-0.02559,0.67047,0.21811
0.58307,0.06051,0.00000,0.64165,-0.08897,-0.01361,0.45154,0.23998
0.55009,0.02197,0.00000,0.49707,-0.08465,-0.05111,0.54137,0.19728
0.52169,-0.04218,0.00000,0.57684,-0.05499,-0.04208,0.64492,0.14915
0.54927,0.00916,0.00000,0.53068,-0.02026,-0.07583,0.76238,0.06634
0.44425,-0.01986,0.00000,0.56398,0.00314,-0.12585,0.77382,-0.05000
0.13292,-0.09896,0.00000,0.31921,-0.07053,-0.10551,0.46758,-0.22030
0.05156,-0.05092,0.00000,0.21514,-0.06944,-0.10747,0.27978,-0.17281
-0.26768,-0.09169,0.00000,-0.10253,-0.08677,-0.22292,-0.11644,-0.31124
-0.62207,-0.23531,0.00000,-0.51152,-0.27406,-0.33171,-0.48565,-0.45902
-0.67376,-0.21164,0.00000,-0.52666,-0.34654,-0.31952,-0.46289,-0.52830
-0.68316,-0.20131,0.00000,-0.59683,-0.39634,-0.23296,-0.36098,-0.57109
-0.60639,-0.16717,0.00000,-0.48564,-0.32981,-0.14557,-0.30864,-0.51426
-0.62442,-0.24332,0.00000,-0.48247,-0.39840,-0.10598,-0.36768,-0.52929
-0.58402,-0.20083,0.00000,-0.43020,-0.45637,-0.14385,-0.47615,-0.48793
-0.57510,-0.15059,0.00000,-0.45576,-0.39105,-0.15382,-0.49378,-0.37432
-0.54808,-0.15998,0.00000,-0.42091,-0.43204,-0.09474,-0.50468,-0.32667
-0.50529,-0.12373,0.00000,-0.44666,-0.41247,-0.05759,-0.44370,-0.25494
-0.42646,-0.03248,0.00000,-0.43729,-0.31800,-0.05307,-0.40138,-0.10441
-0.21881,0.01414,0.00000,-0.34522,-0.25671,-0.03839,-0.27590,-0.03286
0.04901,0.17860,0.00000,-0.15138,-0.24979,0.04613,-0.08434,0.11390
1.10535,0.64580,0.00000,0.55871,0.01587,0.11270,0.25570,0.53431
2.04922,0.64580,0.00000,0.64301,0.28795,0.18947,0.22150,1.11934
2.15278,0.68720,0.00000,0.97810,0.45441,0.15011,-0.06101,1.43742
1.76567,0.66207,0.00000,0.79785,0.53943,0.14380,0.10234,1.54353
1.30285,0.74038,0.00000,0.75045,0.68258,0.12953,0.18960,1.58965
1.03515,0.75702,0.00000,0.69689,0.99581,0.37044,0.28513,1.77095
0.80903,0.68092,0.00000,0.63926,0.77677,0.24675,0.33749,1.19916
0.33665,0.54784,0.00000,0.41845,0.61997,0.08630,0.11709,0.83452
0.16669,0.53318,0.00000,0.40261,0.53341,0.07421,-0.11472,0.53349
0.17581,0.47755,0.00000,0.55506,0.53623,0.07817,-0.08565,0.46959
0.08641,0.35272,0.00000,0.45352,0.43747,0.07119,-0.12914,0.20866
0.13468,0.31114,0.00000,0.44591,0.40041,0.10593,-0.07225,0.09117
0.20042,0.36323,0.00000,0.39485,0.43324,0.22416,0.05084,0.10755
0.18988,0.35273,0.00000,0.48657,0.52838,0.21896,0.25429,0.12123
