0.34195,0.01149,0.00000,-0.09849,1.21623,0.17374,0.01076,0.04427
0.29252,0.01344,0.00000,-0.18488,0.98623,0.10547,0.01966,0.04536
0.20225,-0.01416,0.00000,-0.40085,0.55649,0.01368,0.01559,-0.09995
0.25759,-0.03592,0.00000,-0.33871,0.69254,-0.02621,0.02959,0.00946
0.54446,-0.02007,0.00000,-0.24974,0.54643,-0.02996,0.02497,0.11611
0.51542,-0.00559,0.00000,-0.29029,0.29871,-0.02183,0.13464,0.52676
0.44335,-0.05111,0.00000,-0.38908,0.31147,-0.00441,0.06265,0.34457
0.24593,-0.07461,0.00000,-0.40713,0.28247,-0.07216,0.01920,0.06918
0.22905,-0.06213,0.00000,-0.31161,0.31269,0.06981,0.05983,0.38358
0.34767,-0.08448,0.00000,-0.18758,0.25552,0.10971,0.08011,0.71157
0.25181,-0.09286,0.00000,-0.27973,0.21001,-0.06761,-0.08253,0.27839
0.27138,-0.11031,0.00000,-0.33274,0.16580,-0.19517,-0.08540,0.33276
0.35457,-0.13195,0.00000,-0.28121,0.06665,-0.25491,-0.04697,0.13675
0.31798,-0.13131,0.00000,-0.22400,0.08330,-0.17928,-0.09174,0.01399
0.17073,-0.11393,0.00000,-0.01743,0.11388,-0.16465,-0.13108,-0.01828
0.13548,-0.13085,0.00000,-0.06009,0.02290,-0.13781,-0.20362,-0.04600
0.13892,-0.10879,0.00000,-0.08291,0.08832,-0.12864,-0.16000,-0.05422
0.12563,-0.11821,0.00000,-0.02331,0.14392,-0.19729,-0.12637,-0.13721
0.16716,-0.08935,0.00000,-0.00811,0.06420,-0.15627,-0.04770,-0.11402
0.04171,-0.07761,0.00000,0.06396,-0.01093,-0.16307,-0.07877,-0.07989
-0.03596,-0.06799,0.00000,-0.22093,-0.04382,-0.17453,-0.11751,-0.10181
-0.06703,-0.01690,0.00000,-0.24516,-0.01238,-0.08895,-0.08914,0.00869
-0.02627,-0.01493,0.00000,-0.17224,0.01923,0.04702,-0.05135,0.15181
0.14890,0.04843,0.00000,-0.08057,0.09347,0.25700,-0.03598,0.32019
0.42799,0.10295,0.00000,0.08648,0.20958,0.43241,0.02790,0.51782
0.61299,0.08653,0.00000,0.17788,0.11772,0.21379,0.11123,0.36646
1.06283,0.07847,0.00000,0.20214,0.29402,0.24624,0.20227,0.54780
1.66673,0.13020,0.00000,0.27594,0.39541,0.14280,0.36498,0.62090
1.53897,0.07005,0.00000,0.17737,0.47424,0.09589,0.24410,0.34586
1.44278,0.08813,0.00000,0.17528,0.48563,0.21103,0.23321,0.39721
1.04577,0.09041,0.00000,0.26763,0.50942,0.28376,0.19566,0.52410
1.18553,0.06991,0.00000,0.27998,0.65957,0.40180,0.25576,0.63862
1.24837,0.02634,0.00000,0.69283,0.66345,0.39214,0.16371,0.50639
0.89173,0.01546,0.00000,0.72530,0.43092,0.33152,0.11379,0.31802
0.52150,-0.00324,0.00000,0.46025,0.25439,0.17805,0.12230,0.10914
0.39234,-0.01390,0.00000,0.56947,0.18269,0.08705,0.19453,0.09688
0.43380,-0.01704,0.00000,0.69471,0.03158,0.03808,0.22108,0.01209
0.33196,-0.00095,0.00000,0.48723,0.04603,0.09718,0.16795,0.01040
0.35849,-0.00160,0.00000,0.57526,0.02863,0.11773,0.17508,-0.00090
0.22255,-0.00705,0.00000,0.61381,-0.02097,0.13990,0.15546,-0.00101
0.17575,0.00048,0.00000,0.62857,-0.05406,0.21062,0.23857,0.11192
0.13417,0.00769,0.00000,0.45478,-0.05538,0.24491,0.28530,0.25288
0.17111,-0.01041,0.00000,0.36653,-0.11418,0.14804,0.25432,0.12791
0.20213,0.01447,0.00000,0.36845,-0.18522,0.09895,0.30193,0.10358
0.27092,0.04643,0.00000,0.34664,-0.14468,-0.02423,0.28239,0.16004
0.24315,0.03135,0.00000,0.25240,-0.09497,-0.05409,0.23883,0.17576
0.30744,0.03521,0.00000,0.25436,-0.01267,0.03764,0.27066,0.33231
0.24932,0.02906,0.00000,0.30137,0.02965,0.07053,0.20504,0.26913
0.22739,0.03748,0.00000,0.30005,0.12279,0.19148,0.19726,0.35258
0.29320,0.04258,0.00000,0.55323,0.10078,0.25005,0.20862,0.45942
0.25261,0.01948,0.00000,0.48329,0.07691,0.22890,0.19292,0.26429
0.33188,-0.00851,0.00000,0.32476,0.05928,0.25129,0.17357,0.19032
0.37085,-0.02397,0.00000,0.47399,0.02327,0.25062,0.21162,0.17123
0.48686,-0.03507,0.00000,0.61493,0.03649,0.21112,0.18251,0.16417
0.68392,-0.03496,0.00000,0.84326,0.13819,0.25354,0.26513,0.34054
0.50732,-0.03100,0.00000,0.63814,0.12531,0.24855,0.17741,0.40209
0.44772,-0.04007,0.00000,0.57125,0.17852,0.37518,0.21952,0.44557
0.93916,-0.02116,0.00000,0.93016,0.21641,0.34868,0.30063,0.53925
0.93649,0.01277,0.00000,1.18030,0.15564,0.21568,0.27800,0.40240
0.60197,0.02848,0.00000,0.79324,0.09471,0.14163,0.19597,0.25616
0.61241,0.03022,0.00000,0.79230,0.03554,0.05865,0.19326,0.23717
0.53670,0.04520,0.00000,0.79669,0.12616,-0.02313,0.18396,0.12285
0.40022,0.07221,0.00000,0.59081,0.18789,-0.03079,0.11081,0.21526
0.44198,0.13841,0.00000,0.67880,0.28132,-0.00523,0.12776,0.26546
0.39520,0.16808,0.00000,0.70899,0.25131,-0.03066,0.07018,0.23051
0.32920,0.20383,0.00000,0.69606,0.29550,-0.02335,0.04311,0.14985
0.13314,0.20535,0.00000,0.33787,0.30554,-0.04104,-0.03220,0.05838
0.23378,0.19365,0.00000,0.42621,0.30926,-0.05020,-0.00423,0.05711
0.26106,0.18500,0.00000,0.45088,0.16866,-0.10092,0.01273,-0.01394
0.18436,0.21023,0.00000,0.35276,0.16187,-0.01705,0.00857,-0.06362
0.28443,0.18682,0.17603,0.34803,0.26011,0.06069,0.04593,-0.01380
0.63024,0.18535,0.36095,0.54052,0.22777,0.11535,0.11474,0.14468
0.66573,0.21123,0.32288,0.57715,0.13485,0.15841,0.17383,0.21808
0.48474,0.14171,0.09293,0.44852,0.04753,0.13052,0.20962,0.29949
0.75837,0.13753,-0.04524,0.82781,0.07858,0.16619,0.35595,0.32481
0.87886,0.09937,-0.05320,1.00862,0.08205,0.17289,0.47210,0.31983
0.58153,0.01797,-0.10603,0.72059,-0.00713,0.10551,0.32827,0.22950
0.61781,-0.00465,-0.09871,0.60319,-0.04254,0.03354,0.35068,0.20454
0.53910,-0.04733,-0.31724,0.71696,-0.13928,-0.04234,0.30565,0.06196
0.55835,-0.02954,-0.35200,0.58873,-0.08319,-0.04108,0.21123,0.04912
0.53172,-0.03961,-0.30131,0.49011,-0.04759,-0.05088,0.25168,0.02777
0.50450,-0.05966,-0.35586,0.55121,-0.03401,-0.05178,0.30550,0.01940
0.53459,-0.03790,-0.33786,0.51164,-0.05153,-0.10520,0.35270,0.03603
0.43666,-0.06587,-0.30644,0.56029,-0.03994,-0.13685,0.34411,-0.03867
0.13173,-0.11244,-0.38337,0.33316,-0.09365,-0.11959,0.20185,-0.21691
0.05107,-0.07149,-0.27841,0.24942,-0.08819,-0.10014,0.12959,-0.18666
-0.26329,-0.08944,-0.27693,-0.08040,-0.11188,-0.19430,-0.04033,-0.30984
-0.61199,-0.16586,-0.61896,-0.49018,-0.27551,-0.31539,-0.23440,-0.50747
-0.66018,-0.13542,-0.83278,-0.51728,-0.31011,-0.29609,-0.23926,-0.57219
-0.66536,-0.12576,-0.86168,-0.60220,-0.35421,-0.22958,-0.19634,-0.58915
-0.58819,-0.10413,-0.78988,-0.50170,-0.35091,-0.12452,-0.15971,-0.52763
-0.61107,-0.15901,-0.78659,-0.51450,-0.51880,-0.07132,-0.19691,-0.56367
-0.57838,-0.15748,-0.81060,-0.47860,-0.54442,-0.10676,-0.25298,-0.54041
-0.56753,-0.13358,-0.72247,-0.48459,-0.48641,-0.10925,-0.25362,-0.42759
-0.54336,-0.14144,-0.62955,-0.43430,-0.51571,-0.05893,-0.25818,-0.38911
-0.49936,-0.12776,-0.66016,-0.44680,-0.49537,-0.01101,-0.22471,-0.30047
-0.41910,-0.07991,-0.58202,-0.43273,-0.40966,0.01369,-0.20415,-0.14188
-0.21185,-0.06746,-0.33280,-0.35414,-0.34284,0.02017,-0.14818,-0.07768
0.05058,0.00376,-0.22054,-0.16522,-0.34608,0.08989,-0.05608,0.11775
1.07176,0.15907,0.66224,0.46654,-0.13711,0.22449,0.13007,0.62168
1.97160,0.16786,2.58451,0.54861,0.01945,0.29016,0.13664,1.20076
2.06129,0.19713,2.89567,0.88895,0.18097,0.27003,0.01581,1.44046
1.69388,0.18326,2.41570,0.73320,0.36028,0.24216,0.08890,1.66095
1.24821,0.24256,2.37530,0.68490,0.77542,0.17807,0.12776,1.79942
1.00132,0.30198,3.69450,0.65163,0.95370,0.39149,0.21157,1.99823
0.77954,0.24951,2.75422,0.53906,0.83882,0.29780,0.20978,1.20997
0.32599,0.19561,1.24755,0.28456,0.80186,0.16475,0.09037,0.81331
0.15603,0.20265,1.25930,0.25326,0.67850,0.13725,-0.02033,0.48869
0.16492,0.18909,0.96500,0.40523,0.58340,0.12642,-0.00680,0.37968
0.07618,0.13523,0.21187,0.32235,0.35291,0.12451,-0.03776,0.20094
0.12209,0.09723,0.17161,0.31330,0.35752,0.16276,-0.01942,0.15236
0.18761,0.15492,0.22206,0.29676,0.37040,0.25737,0.03651,0.16656
0.18040,0.18594,0.38652,0.38604,0.44572,0.26887,0.12627,0.22064
0.34875,0.15080,0.47439,0.47877,0.32696,0.23165,0.23553,0.24123
0.37061,0.17704,0.43407,0.41361,0.27448,0.24222,0.22635,0.17495
0.43808,0.25599,0.48023,0.62690,0.29252,0.30499,0.30442,0.16898
0.25460,0.18089,0.10971,0.52721,0.12940,0.28024,0.26183,0.04347
0.29727,0.15427,0.03070,0.42842,0.04173,0.44521,0.17130,0.07748
0.38593,0.19758,0.34037,0.45973,0.09367,0.65180,0.22149,0.22316
0.47421,0.16793,0.37775,0.51519,0.11585,0.66816,0.21694,0.22861
0.56560,0.17424,0.51670,0.54558,0.16326,0.64740,0.23066,0.25232
0.22501,0.09801,0.35213,0.34929,0.07275,0.40186,0.11783,0.03292
-0.04150,0.08835,0.24470,0.17947,-0.03816,0.40032,0.06949,-0.02376
-0.17410,0.08316,0.07154,0.11409,-0.17565,0.35854,0.04343,0.01436
-0.16559,0.05449,0.02622,0.13084,-0.22338,0.32229,0.00363,0.10439
-0.24958,0.05280,0.00459,0.06924,-0.23024,0.31749,-0.08707,-0.01099
-0.17440,0.07581,0.06139,0.07169,-0.18203,0.31983,-0.08822,0.11730
-0.12091,0.07841,0.09493,0.05340,-0.19464,0.30783,-0.05770,0.35133
-0.18017,0.12200,0.19773,0.08515,-0.14459,0.30651,-0.04667,0.41931
-0.23616,0.11868,0.12349,0.09839,-0.12816,0.23704,-0.04607,0.27373
-0.25170,0.11426,-0.00117,0.11732,-0.13833,0.17517,-0.09026,0.21132
-0.24860,0.15383,0.00922,-0.03674,-0.13439,0.18563,-0.10172,0.16685
-0.28477,0.16740,0.07970,-0.12260,-0.09523,0.19722,-0.10778,0.23929
-0.09712,0.31486,0.24698,0.03380,0.06759,0.37380,0.00993,0.81805
0.12267,0.33042,0.18164,0.14873,0.17889,0.36970,0.06293,0.76740
0.15382,0.32483,0.26882,0.03966,0.23897,0.36494,0.06076,0.49982
0.06111,0.33119,0.23754,-0.11946,0.20112,0.30905,0.03180,0.20487
-0.04649,0.32161,0.21331,-0.10256,0.16819,0.32016,0.11003,0.35889
-0.08344,0.31551,0.23763,-0.05250,0.11205,0.25680,0.12764,0.36143
-0.13986,0.28648,0.16811,-0.04772,0.12563,0.28452,0.07458,0.14781
-0.07791,0.27126,0.12767,-0.06702,0.12937,0.32695,0.06756,0.15947
-0.09829,0.28346,0.10517,-0.04247,0.09004,0.43517,0.02761,0.16330
0.03026,0.30144,0.26937,0.04473,0.15825,0.49926,0.12965,0.27378
0.00653,0.26320,0.35737,0.16118,0.17134,0.48272,0.19706,0.48236
-0.01434,0.30365,0.33611,0.23186,0.21850,0.51703,0.18333,0.46796
0.00003,0.33438,0.25953,0.18440,0.24302,0.50733,0.16740,0.25204
-0.00951,0.33093,0.27773,0.21163,0.18556,0.51266,0.16080,0.28716
0.01832,0.35905,0.30842,0.47836,0.25769,0.53551,0.20710,0.45710
0.08765,0.33140,0.41976,0.65210,0.42602,0.65378,0.27879,0.45248
0.16328,0.30162,0.45631,0.54135,0.41055,0.67257,0.22587,0.43781
0.09203,0.27277,0.34152,0.38352,0.36330,0.76862,0.17649,0.38595
0.05326,0.29191,0.33473,0.26696,0.26650,0.81596,0.16342,0.28629
0.06189,0.28335,0.35003,0.36588,0.29359,0.73899,0.15606,0.26920
0.19231,0.21525,0.41193,0.41531,0.29662,0.45342,0.20385,0.26934
0.17149,0.18665,0.26058,0.28581,0.20873,0.33041,0.13014,0.15537
0.23815,0.26939,0.28984,0.29736,0.27548,0.39357,0.15922,0.26259
0.34134,0.21797,0.19429,0.26938,0.17076,0.35581,0.14467,0.27280
0.21444,0.18202,0.24186,0.20572,0.12365,0.35458,0.06985,0.29968
0.09865,0.16733,0.21936,0.12989,0.13135,0.35573,0.02158,0.25487
-0.05653,0.07573,0.03803,-0.09119,0.03430,0.34155,-0.05898,0.12838
-0.13533,0.09900,0.00893,-0.14652,0.04789,0.41775,-0.06649,0.23579
-0.23012,0.08601,0.02134,-0.25911,0.02881,0.42719,-0.11370,0.18848
-0.32425,0.03994,0.00626,-0.31410,0.01660,0.37577,-0.14737,0.07241
-0.28035,0.05794,0.01982,-0.28749,0.08716,0.36593,-0.13230,0.15512
-0.29771,0.07808,0.00341,-0.35585,0.04656,0.41130,-0.13101,0.08833
-0.29855,0.12556,-0.00293,-0.31243,0.05598,0.50704,-0.11577,0.09743
-0.26832,0.13627,-0.01060,-0.26795,0.09267,0.50343,-0.10999,0.11340
-0.32233,0.12371,-0.02394,-0.31683,0.08408,0.44162,-0.14159,-0.00220
-0.47616,0.12054,-0.01264,-0.39660,0.08127,0.40955,-0.16239,-0.09974
-0.57712,0.04796,0.01395,-0.39769,0.12609,0.34599,-0.17608,-0.07669
