0.33829,0.01268,0.00000,-0.09308,1.06715,0.17493,0.00779,0.00381
0.29098,0.01159,0.00000,-0.19968,0.87048,0.10072,0.01423,0.00816
0.20435,-0.01479,0.00000,-0.40253,0.48656,0.01326,0.01128,-0.12881
0.24820,-0.02981,0.00000,-0.33088,0.61052,-0.02554,0.02142,-0.01265
0.56207,-0.00464,0.00000,-0.24143,0.48737,-0.01662,0.01807,0.09169
0.52957,0.00587,0.00000,-0.27844,0.27119,-0.00801,0.09505,0.45528
0.45104,-0.04129,0.00000,-0.37686,0.28150,0.00319,0.04499,0.28926
0.23518,-0.06546,0.00000,-0.38909,0.25658,-0.06810,0.01432,0.04471
0.21588,-0.05913,0.00000,-0.29593,0.28195,0.08965,0.04343,0.33086
0.33904,-0.07880,0.00000,-0.17976,0.22799,0.12877,0.05818,0.60999
0.25436,-0.08605,0.00000,-0.26120,0.18524,-0.07950,-0.05590,0.20677
0.26888,-0.10381,0.00000,-0.31152,0.14238,-0.22752,-0.05836,0.24829
0.36623,-0.12111,0.00000,-0.25727,0.05712,-0.27163,-0.03187,0.08560
0.34073,-0.11720,0.00000,-0.18521,0.07085,-0.18491,-0.06335,-0.01654
0.17435,-0.09464,0.00000,0.01976,0.10599,-0.17818,-0.09056,-0.03333
0.14689,-0.11337,0.00000,-0.01692,0.02490,-0.15590,-0.14149,-0.05641
0.15078,-0.09813,0.00000,-0.04247,0.07962,-0.15669,-0.11150,-0.05893
0.14942,-0.10772,0.00000,0.00327,0.12884,-0.22699,-0.08814,-0.14399
0.20174,-0.07987,0.00000,0.00252,0.05989,-0.18475,-0.03312,-0.12040
0.07246,-0.06241,0.00000,0.05366,-0.00544,-0.19268,-0.05489,-0.07863
-0.00861,-0.04754,0.00000,-0.21040,-0.03246,-0.20783,-0.08229,-0.09031
-0.04198,-0.00066,0.00000,-0.23206,-0.00220,-0.12023,-0.06261,0.03308
-0.00312,-0.00371,0.00000,-0.16560,0.02728,0.02350,-0.03631,0.16002
0.18475,0.05713,0.00000,-0.07397,0.09553,0.24468,-0.02545,0.29210
0.48166,0.10939,0.00000,0.07565,0.19605,0.39713,0.01931,0.42046
0.66985,0.09301,0.00000,0.14767,0.11204,0.17837,0.07735,0.29329
1.15526,0.07772,0.00000,0.17333,0.26044,0.21759,0.14086,0.47335
1.79896,0.13217,0.00000,0.22596,0.34726,0.11641,0.25447,0.54307
1.66317,0.07428,0.00000,0.13188,0.41880,0.07596,0.17081,0.29812
1.55259,0.09065,0.00000,0.13582,0.42900,0.19530,0.16335,0.38360
1.11054,0.08900,0.00000,0.24291,0.44981,0.27599,0.13724,0.52832
1.24718,0.06127,0.00000,0.26212,0.57878,0.41350,0.17938,0.64532
1.31266,0.01133,0.00000,0.62149,0.58393,0.41752,0.11550,0.50921
0.91878,0.00199,0.00000,0.64667,0.37452,0.35652,0.08096,0.33262
0.53354,-0.00882,0.00000,0.39725,0.21424,0.20599,0.08677,0.14435
0.38793,-0.01608,0.00000,0.50125,0.14737,0.11266,0.13722,0.14943
0.41785,-0.02188,0.00000,0.64281,0.01676,0.07179,0.15570,0.08110
0.30361,-0.01173,0.00000,0.46202,0.03246,0.13306,0.11859,0.09164
0.31375,-0.01524,0.00000,0.55464,0.01953,0.14627,0.12389,0.08453
0.17001,-0.02181,0.00000,0.60148,-0.02548,0.16987,0.11059,0.09054
0.11347,-0.01036,0.00000,0.62699,-0.05705,0.22691,0.16855,0.21805
0.05888,0.00136,0.00000,0.45863,-0.05704,0.26838,0.20116,0.36046
0.10507,-0.01144,0.00000,0.36379,-0.10826,0.16124,0.17945,0.18409
0.13312,0.01167,0.00000,0.36618,-0.16877,0.10191,0.21194,0.13762
0.19908,0.04504,0.00000,0.35621,-0.13550,-0.05407,0.19801,0.18728
0.19964,0.03073,0.00000,0.26626,-0.09250,-0.08754,0.16721,0.20599
0.26959,0.03384,0.00000,0.26445,-0.01942,-0.00006,0.18973,0.36347
0.22921,0.02754,0.00000,0.31267,0.01998,0.02660,0.14379,0.29968
0.21630,0.03611,0.00000,0.30715,0.10084,0.14642,0.13837,0.37391
0.28124,0.04394,0.00000,0.55498,0.11221,0.20621,0.14582,0.46474
0.24266,0.02259,0.00000,0.49433,0.10312,0.18604,0.13459,0.26261
0.33295,-0.00484,0.00000,0.32966,0.08535,0.20589,0.12069,0.19015
0.37715,-0.02414,0.00000,0.46496,0.02960,0.21340,0.14703,0.15694
0.50198,-0.03826,0.00000,0.60186,0.04608,0.17058,0.12655,0.13986
0.70318,-0.04069,0.00000,0.82347,0.16255,0.21568,0.18411,0.31789
0.51070,-0.04308,0.00000,0.61967,0.14658,0.21918,0.12326,0.37664
0.42877,-0.05332,0.00000,0.54876,0.20597,0.37700,0.15283,0.42489
0.91876,-0.03069,0.00000,0.89278,0.25635,0.35882,0.20929,0.49967
0.91037,0.00522,0.00000,1.14214,0.19441,0.23178,0.19297,0.35098
0.55784,0.01844,0.00000,0.76138,0.11506,0.16315,0.13566,0.20377
0.56873,0.02011,0.00000,0.74622,0.04246,0.07046,0.13366,0.18272
0.50574,0.03117,0.00000,0.73008,0.15941,-0.01396,0.12728,0.08310
0.37131,0.05474,0.00000,0.52294,0.22641,-0.01741,0.07636,0.17158
0.38937,0.11621,0.00000,0.61530,0.35379,0.01704,0.08855,0.22814
0.34899,0.15298,0.00000,0.63607,0.35040,-0.00536,0.04858,0.19711
0.28204,0.19096,0.00000,0.62017,0.41431,0.00239,0.02970,0.12049
0.08635,0.19195,0.00000,0.27659,0.43841,-0.02038,-0.02291,0.03474
0.19963,0.18274,0.00000,0.36309,0.42305,-0.03740,-0.00342,0.03707
0.25105,0.17264,0.00000,0.39944,0.25894,-0.09736,0.00812,-0.03771
0.17757,0.19001,0.00000,0.31436,0.24229,-0.01391,0.00534,-0.08245
0.28833,0.15964,0.17603,0.31595,0.38501,0.05736,0.03191,-0.01936
0.66093,0.16249,0.36095,0.50592,0.34160,0.11578,0.08031,0.14513
0.71108,0.19348,0.32288,0.54835,0.21681,0.17025,0.12166,0.23120
0.52465,0.12633,0.09293,0.43397,0.07742,0.15242,0.14662,0.29761
0.80820,0.11837,-0.04524,0.82207,0.10143,0.19488,0.24830,0.33134
0.94829,0.07900,-0.05320,0.98796,0.09970,0.20944,0.32899,0.31075
0.63843,0.00352,-0.10603,0.71507,-0.01212,0.12915,0.22861,0.21531
0.67006,-0.01942,-0.09871,0.61731,-0.05699,0.04820,0.24433,0.19940
0.59166,-0.05953,-0.31724,0.73472,-0.17210,-0.02660,0.21274,0.08029
0.60806,-0.03463,-0.35200,0.60011,-0.12700,-0.01616,0.14717,0.07755
0.56864,-0.04292,-0.30131,0.49587,-0.09190,-0.01795,0.17531,0.05035
0.53907,-0.06395,-0.35586,0.55838,-0.07786,-0.01401,0.21295,0.03843
0.56410,-0.04282,-0.33786,0.52136,-0.09272,-0.07110,0.24563,0.03587
0.45192,-0.06850,-0.30644,0.56932,-0.07517,-0.10691,0.23927,-0.04379
0.13412,-0.11072,-0.38337,0.34437,-0.12293,-0.08803,0.14018,-0.22258
0.05206,-0.06546,-0.27841,0.26147,-0.09521,-0.08898,0.09026,-0.18962
-0.27212,-0.08063,-0.27693,-0.08375,-0.11615,-0.18836,-0.02771,-0.30856
-0.63226,-0.15474,-0.61896,-0.49422,-0.29986,-0.31222,-0.16351,-0.49990
-0.68748,-0.13205,-0.83278,-0.52391,-0.34832,-0.29183,-0.16732,-0.56786
-0.70115,-0.12190,-0.86168,-0.61125,-0.38792,-0.22194,-0.13754,-0.59184
-0.62478,-0.09947,-0.78988,-0.51564,-0.37144,-0.11816,-0.11169,-0.53135
-0.63790,-0.15601,-0.78659,-0.52900,-0.51900,-0.06835,-0.13787,-0.56551
-0.58972,-0.15701,-0.81060,-0.49495,-0.54399,-0.10311,-0.17708,-0.53905
-0.58274,-0.13117,-0.72247,-0.49875,-0.48195,-0.10979,-0.17732,-0.42226
-0.55285,-0.13764,-0.62955,-0.44883,-0.51111,-0.06273,-0.18048,-0.37908
-0.51129,-0.12659,-0.66016,-0.45938,-0.48451,-0.01606,-0.15703,-0.29468
-0.43389,-0.08397,-0.58202,-0.44518,-0.39538,-0.00458,-0.14268,-0.13561
-0.22585,-0.07658,-0.33280,-0.36915,-0.33241,0.01530,-0.10376,-0.06148
0.04743,-0.00660,-0.22054,-0.17750,-0.32467,0.08545,-0.03954,0.11960
1.13929,0.14628,0.66224,0.45205,-0.07327,0.21179,0.09096,0.61868
2.12766,0.16625,2.58451,0.53706,0.14020,0.26620,0.09616,1.22568
2.24523,0.19568,2.89567,0.86545,0.28017,0.25063,0.01236,1.49302
1.83821,0.18037,2.41570,0.71822,0.44255,0.22592,0.06308,1.68946
1.35806,0.24575,2.37530,0.66285,0.80730,0.16409,0.09011,1.81974
1.06934,0.31443,3.69450,0.62773,1.01552,0.36547,0.14960,2.03687
0.83882,0.25484,2.75422,0.49748,0.86981,0.27708,0.14767,1.25498
0.34743,0.19883,1.24755,0.23413,0.78617,0.15002,0.06394,0.85328
0.17746,0.20781,1.25930,0.19070,0.64409,0.11796,-0.01328,0.52373
0.18680,0.19407,0.96500,0.33495,0.55591,0.11865,-0.00384,0.42255
0.09674,0.13429,0.21187,0.26316,0.33654,0.11691,-0.02570,0.21349
0.14741,0.09319,0.17161,0.25077,0.32683,0.14967,-0.01309,0.14947
0.21336,0.15387,0.22206,0.25077,0.35204,0.24447,0.02586,0.16772
0.19946,0.19028,0.38652,0.35751,0.45309,0.26882,0.08832,0.21085
0.38142,0.15577,0.47439,0.45799,0.34764,0.23247,0.16472,0.23780
0.40442,0.18168,0.43407,0.40244,0.29453,0.23643,0.15839,0.16940
0.46173,0.26411,0.48023,0.62496,0.33085,0.29152,0.21293,0.15640
0.27256,0.18655,0.10971,0.51414,0.15861,0.26782,0.18292,0.02368
0.32186,0.15618,0.03070,0.42465,0.06407,0.44180,0.11992,0.04433
0.42064,0.20004,0.34037,0.45880,0.13092,0.65633,0.15527,0.18039
0.51717,0.16955,0.37775,0.51376,0.17235,0.67698,0.15216,0.18539
0.61309,0.17790,0.51670,0.54458,0.26710,0.65267,0.16207,0.20857
0.25300,0.10220,0.35213,0.33855,0.18801,0.40777,0.08270,0.00939
-0.03536,0.09461,0.24470,0.16442,0.06702,0.40818,0.04891,-0.04157
-0.18521,0.08641,0.07154,0.09351,-0.13265,0.37553,0.03083,-0.01791
-0.18251,0.05589,0.02622,0.09795,-0.18113,0.34037,0.00334,0.06752
-0.26880,0.05522,0.00459,0.03082,-0.18177,0.32912,-0.06029,-0.04857
-0.18927,0.07531,0.06139,0.03771,-0.12538,0.33901,-0.06103,0.07792
-0.12887,0.07725,0.09493,0.02092,-0.13426,0.33278,-0.03980,0.31029
-0.19377,0.11990,0.19773,0.05426,-0.09918,0.32776,-0.03204,0.38056
-0.25090,0.11878,0.12349,0.05419,-0.07393,0.24845,-0.03150,0.24799
-0.26409,0.11386,-0.00117,0.06940,-0.08724,0.18718,-0.06241,0.18776
-0.26771,0.15004,0.00922,-0.06519,-0.09690,0.19979,-0.07058,0.14336
-0.31105,0.16261,0.07970,-0.14497,-0.07806,0.21417,-0.07490,0.21639
-0.12571,0.31531,0.24698,0.01290,0.06242,0.39560,0.00811,0.78157
0.11368,0.33105,0.18164,0.13110,0.15090,0.39457,0.04508,0.72838
0.15312,0.33080,0.26882,0.03080,0.23209,0.37244,0.04334,0.48447
0.05680,0.34049,0.23754,-0.13160,0.18642,0.30849,0.02333,0.21155
-0.06031,0.32966,0.21331,-0.11154,0.16644,0.32629,0.07805,0.37554
-0.10360,0.32465,0.23763,-0.06823,0.10976,0.26412,0.09034,0.37657
-0.16054,0.29126,0.16811,-0.07176,0.11539,0.29673,0.05333,0.17280
-0.09590,0.27562,0.12767,-0.09094,0.14002,0.34676,0.04848,0.19582
-0.11625,0.28913,0.10517,-0.05411,0.10697,0.46152,0.02015,0.19747
0.00682,0.31555,0.26937,0.04263,0.17796,0.52373,0.09164,0.32386
-0.01641,0.28260,0.35737,0.15363,0.17804,0.49726,0.13908,0.55302
-0.03762,0.32421,0.33611,0.21480,0.20265,0.52763,0.12964,0.54888
-0.02059,0.35310,0.25953,0.17366,0.21811,0.50812,0.11832,0.31203
-0.03791,0.34829,0.27773,0.20071,0.17972,0.52243,0.11386,0.34263
-0.00839,0.37329,0.30842,0.44425,0.26332,0.55838,0.14618,0.53058
0.06322,0.33856,0.41976,0.62830,0.43102,0.68265,0.19591,0.49459
0.15292,0.31052,0.45631,0.51132,0.40526,0.70708,0.15908,0.47951
0.08800,0.28186,0.34152,0.35018,0.34766,0.80185,0.12458,0.43261
0.04826,0.30161,0.33473,0.25018,0.25090,0.84577,0.11532,0.31793
0.05687,0.29176,0.35003,0.36021,0.26957,0.75358,0.11031,0.28589
0.18919,0.21966,0.41193,0.40927,0.26751,0.45250,0.14338,0.28031
0.17087,0.18632,0.26058,0.30355,0.18361,0.32517,0.09148,0.15729
0.24403,0.27094,0.28984,0.32665,0.26918,0.39879,0.11159,0.26584
0.36033,0.21682,0.19429,0.30286,0.18711,0.36015,0.10108,0.27546
0.21997,0.18113,0.24186,0.23681,0.15295,0.37135,0.04877,0.30151
0.09122,0.16741,0.21936,0.16017,0.15060,0.36004,0.01502,0.25321
-0.06665,0.07509,0.03803,-0.07029,0.04932,0.34061,-0.04128,0.11280
-0.15223,0.10458,0.00893,-0.13145,0.06411,0.40978,-0.04655,0.22153
-0.25282,0.09928,0.02134,-0.24681,0.04335,0.41620,-0.07977,0.17066
-0.34685,0.05169,0.00626,-0.30053,0.04586,0.36456,-0.10332,0.05502
-0.30574,0.06524,0.01982,-0.27224,0.10358,0.35349,-0.09276,0.13634
