0.34946,0.01982,0.00000,-0.10781,1.04700,0.17644,0.02079,0.03071
0.29570,0.01688,0.00000,-0.17716,0.83004,0.10950,-0.00225,0.03818
0.19793,-0.01572,0.00000,-0.40111,0.48541,0.02008,-0.07085,-0.09198
0.27688,-0.03924,0.00000,-0.34676,0.58557,-0.01791,-0.00387,-0.00548
0.50829,-0.00975,0.00000,-0.26010,0.44114,-0.02004,0.02360,0.07716
0.48633,0.00500,0.00000,-0.30336,0.22349,-0.01265,0.14294,0.42680
0.42756,-0.05360,0.00000,-0.40095,0.23779,-0.01275,-0.03510,0.29975
0.26803,-0.07974,0.00000,-0.42392,0.21086,-0.06491,-0.24673,0.07298
0.25611,-0.06323,0.00000,-0.32624,0.24116,0.06190,-0.11707,0.28560
0.36541,-0.08587,0.00000,-0.19584,0.20598,0.10457,-0.12603,0.46572
0.24656,-0.09534,0.00000,-0.29553,0.17722,-0.04573,-0.38866,0.15328
0.27652,-0.12223,0.00000,-0.35019,0.15420,-0.15961,-0.46166,0.18808
0.33061,-0.14842,0.00000,-0.29984,0.06240,-0.21622,-0.43271,0.07784
0.27125,-0.14688,0.00000,-0.25375,0.07999,-0.13966,-0.45562,0.01717
0.16327,-0.12157,0.00000,-0.04564,0.07560,-0.12723,-0.45559,0.02812
0.11206,-0.14526,0.00000,-0.09415,0.00196,-0.09581,-0.54665,0.03498
0.11458,-0.12159,0.00000,-0.11329,0.06820,-0.10077,-0.50595,0.02597
0.07678,-0.13278,0.00000,-0.04327,0.11440,-0.16742,-0.47487,-0.07247
0.09614,-0.09652,0.00000,-0.01514,0.04210,-0.12732,-0.36462,-0.06885
-0.02145,-0.08013,0.00000,0.07404,-0.02477,-0.14573,-0.30951,-0.04026
-0.09214,-0.06727,0.00000,-0.22689,-0.05987,-0.15764,-0.40979,-0.05604
-0.11848,-0.00884,0.00000,-0.25417,-0.04267,-0.08041,-0.31617,0.02522
-0.07382,-0.01306,0.00000,-0.17633,-0.02190,0.03600,-0.14518,0.19203
0.07526,0.06925,0.00000,-0.08465,0.03050,0.22644,0.17920,0.37459
0.31774,0.13544,0.00000,0.09647,0.13547,0.39425,0.30827,0.50941
0.49619,0.11948,0.00000,0.20246,0.06896,0.18191,0.29299,0.32727
0.87294,0.10626,0.00000,0.22391,0.24399,0.21635,0.35841,0.50653
1.39512,0.17364,0.00000,0.31350,0.33922,0.13967,0.62432,0.53406
1.28384,0.09787,0.00000,0.21290,0.39831,0.11218,0.40454,0.29438
1.21721,0.11752,0.00000,0.20639,0.40733,0.23253,0.46718,0.31775
0.91273,0.11241,0.00000,0.28724,0.42805,0.29868,0.49614,0.38507
1.05889,0.07853,0.00000,0.29532,0.56759,0.42312,0.67282,0.44628
1.11630,0.01938,0.00000,0.74776,0.56448,0.42414,0.72473,0.36762
0.83617,0.00501,0.00000,0.78692,0.38419,0.36191,0.63004,0.25195
0.49678,-0.01284,0.00000,0.50985,0.25219,0.20914,0.47620,0.10567
0.40139,-0.02698,0.00000,0.62394,0.20505,0.12290,0.52574,0.11128
0.46657,-0.03095,0.00000,0.73790,0.06770,0.07307,0.53003,0.05698
0.39019,-0.01845,0.00000,0.51019,0.06893,0.13375,0.45075,0.05687
0.45039,-0.02147,0.00000,0.59501,0.04532,0.15882,0.39846,0.05471
0.33048,-0.02789,0.00000,0.62644,0.00816,0.16596,0.35349,0.04959
0.30368,-0.01693,0.00000,0.63094,-0.01099,0.24469,0.47791,0.12893
0.28883,-0.00577,0.00000,0.45292,-0.01645,0.27127,0.44707,0.23011
0.30675,-0.02074,0.00000,0.37000,-0.06842,0.18218,0.37387,0.13680
0.34389,0.01147,0.00000,0.37095,-0.13633,0.12746,0.36577,0.12419
0.41848,0.04997,0.00000,0.34268,-0.09293,-0.00276,0.36392,0.15126
0.33252,0.02975,0.00000,0.24388,-0.04788,-0.02421,0.27826,0.16729
0.38518,0.03841,0.00000,0.25050,0.01979,0.07216,0.24470,0.29661
0.29064,0.03579,0.00000,0.29550,0.04784,0.10583,0.14632,0.24605
0.25017,0.04616,0.00000,0.29651,0.13123,0.22687,0.15331,0.30967
0.31778,0.05126,0.00000,0.55713,0.13453,0.27406,0.13642,0.39815
0.27304,0.02386,0.00000,0.48150,0.12541,0.24366,0.13534,0.24247
0.32968,-0.01021,0.00000,0.32768,0.09812,0.26843,0.08916,0.18125
0.35790,-0.03056,0.00000,0.48589,0.04534,0.24951,0.09559,0.16106
0.45580,-0.04633,0.00000,0.62880,0.06728,0.21120,0.07142,0.15635
0.64435,-0.04968,0.00000,0.86189,0.17546,0.24986,0.12510,0.30268
0.50039,-0.05208,0.00000,0.65284,0.15577,0.24846,0.03177,0.33160
0.48663,-0.06338,0.00000,0.58438,0.21880,0.37294,0.07552,0.32840
0.98107,-0.03591,0.00000,0.95434,0.26592,0.32788,0.17056,0.37140
0.99016,0.00644,0.00000,1.19991,0.19573,0.18544,0.21396,0.27792
0.69263,0.02115,0.00000,0.81091,0.12202,0.11998,0.12664,0.17515
0.70212,0.02228,0.00000,0.82147,0.05392,0.03573,0.10931,0.15815
0.60030,0.04186,0.00000,0.84202,0.16294,-0.01869,0.12907,0.08255
0.45962,0.07227,0.00000,0.63815,0.22723,-0.01578,0.07237,0.14010
0.55004,0.15017,0.00000,0.72098,0.33917,0.01558,0.16160,0.18172
0.49014,0.19211,0.00000,0.76030,0.31637,-0.01376,0.10592,0.16653
0.42606,0.23791,0.00000,0.75003,0.37429,-0.01761,0.07499,0.10661
0.22925,0.24486,0.00000,0.38235,0.39036,-0.03265,0.04112,0.03194
0.30393,0.23005,0.00000,0.47440,0.38160,-0.04884,0.13656,0.02807
0.28162,0.21424,0.00000,0.49185,0.21477,-0.09927,0.10642,-0.01511
0.19831,0.24233,0.00000,0.38374,0.19216,-0.02118,0.13262,-0.04691
0.27643,0.20404,0.10837,0.37631,0.31981,0.05968,0.14892,-0.00907
0.56718,0.20330,0.22223,0.57244,0.27412,0.10074,0.23845,0.10317
0.57257,0.23293,0.19879,0.60650,0.16051,0.13854,0.29472,0.16127
0.40277,0.15448,0.05721,0.46579,0.04052,0.11414,0.25841,0.20684
0.65602,0.15210,-0.02785,0.83899,0.06025,0.14135,0.36225,0.23766
0.73623,0.10567,-0.03275,1.03528,0.06352,0.14375,0.42145,0.24153
0.46465,0.00787,-0.06528,0.73256,-0.04124,0.08705,0.23425,0.17558
0.51048,-0.02271,-0.06077,0.60048,-0.08549,0.03754,0.25471,0.16770
0.43112,-0.07313,-0.19531,0.71005,-0.18729,-0.03580,0.16234,0.05855
0.45625,-0.04361,-0.21672,0.58182,-0.12500,-0.03799,0.11074,0.07037
0.45588,-0.05140,-0.18551,0.48490,-0.07996,-0.05108,0.17702,0.06770
0.43350,-0.07841,-0.21909,0.54587,-0.07165,-0.04488,0.24364,0.06060
0.47397,-0.04717,-0.20801,0.50424,-0.10495,-0.09805,0.27125,0.08965
0.40532,-0.07835,-0.18866,0.55237,-0.09235,-0.12072,0.22607,0.05246
0.12684,-0.13066,-0.23603,0.32342,-0.13142,-0.10378,0.08404,-0.08971
0.04902,-0.07897,-0.17141,0.23821,-0.10126,-0.08185,0.11648,-0.08170
-0.24514,-0.10027,-0.17049,-0.07902,-0.12728,-0.18245,-0.08227,-0.19404
-0.57033,-0.18497,-0.38107,-0.48700,-0.30348,-0.29939,-0.39312,-0.35277
-0.60411,-0.14582,-0.51272,-0.51152,-0.34007,-0.28518,-0.44194,-0.40647
-0.59185,-0.12820,-0.53051,-0.59363,-0.37675,-0.22583,-0.41011,-0.42755
-0.51304,-0.10306,-0.48631,-0.48938,-0.38214,-0.13119,-0.33197,-0.37727
-0.55595,-0.16873,-0.48428,-0.50086,-0.56135,-0.07376,-0.39332,-0.39910
-0.55508,-0.17004,-0.49906,-0.46285,-0.57333,-0.12177,-0.49524,-0.38372
-0.53628,-0.13994,-0.44480,-0.47146,-0.51337,-0.12883,-0.48814,-0.29760
-0.52386,-0.14860,-0.38759,-0.42192,-0.53693,-0.06993,-0.43267,-0.27980
-0.47486,-0.13671,-0.40644,-0.43652,-0.50920,-0.03762,-0.37560,-0.22987
-0.38874,-0.08275,-0.35833,-0.42284,-0.42376,-0.01887,-0.32881,-0.12042
-0.18308,-0.06990,-0.20490,-0.34192,-0.35808,-0.01811,-0.26067,-0.05600
0.05706,0.01549,-0.13578,-0.15524,-0.34973,0.05439,-0.10570,0.09682
0.93305,0.19512,0.40772,0.48051,-0.11604,0.16347,0.29405,0.47070
1.65104,0.19907,1.59121,0.56037,0.06505,0.24824,0.51511,0.86009
1.68345,0.23538,1.78278,0.90781,0.19723,0.23001,0.38533,1.03957
1.39740,0.21877,1.48727,0.74514,0.38924,0.21381,0.42688,1.15637
1.02255,0.28097,1.46240,0.70206,0.83934,0.15778,0.43122,1.18873
0.86161,0.34936,2.27459,0.66906,0.99747,0.38597,0.68994,1.32029
0.65778,0.29428,1.69569,0.57242,0.88484,0.27880,0.62931,0.80900
0.28197,0.22785,0.76808,0.32685,0.83981,0.14204,0.31970,0.54345
0.11201,0.24629,0.77532,0.30510,0.68551,0.12150,0.19203,0.32743
0.11998,0.23466,0.59412,0.46209,0.56356,0.09150,0.17184,0.25222
0.03393,0.16580,0.13044,0.37058,0.30049,0.07619,0.09176,0.16610
0.07006,0.11955,0.10566,0.36400,0.30468,0.10518,0.08067,0.16292
0.13471,0.18715,0.13672,0.33387,0.32253,0.20755,0.09330,0.22691
0.14124,0.22583,0.23797,0.41065,0.41660,0.20741,0.16309,0.33466
0.28165,0.18151,0.29207,0.49596,0.31582,0.15739,0.30020,0.35064
0.30118,0.21306,0.26725,0.42472,0.26920,0.15217,0.31302,0.29175
0.38950,0.28400,0.29566,0.63028,0.30397,0.18767,0.43475,0.37602
0.21770,0.19758,0.06755,0.54352,0.13448,0.17424,0.34128,0.21349
0.24677,0.16552,0.01890,0.43743,0.04676,0.30911,0.28553,0.22480
0.31462,0.21355,0.20956,0.46568,0.10355,0.52063,0.37011,0.35758
0.38598,0.16998,0.23257,0.52432,0.14410,0.53340,0.35084,0.32974
0.46805,0.16508,0.31812,0.55649,0.23023,0.54749,0.36644,0.37257
0.16751,0.08279,0.21680,0.36460,0.14912,0.34315,0.15063,0.16745
-0.05413,0.07750,0.15066,0.19737,0.01840,0.36203,0.11575,0.15556
-0.15127,0.07252,0.04404,0.13581,-0.16073,0.32843,0.12826,0.12906
-0.13082,0.03420,0.01615,0.16060,-0.21059,0.27839,0.11480,0.10757
-0.21009,0.03038,0.00282,0.10389,-0.20647,0.28565,-0.00360,0.00212
-0.14386,0.06296,0.03779,0.10247,-0.15579,0.30168,-0.00900,0.09811
-0.10456,0.07338,0.05845,0.08274,-0.16694,0.30258,0.01470,0.23502
-0.15223,0.11425,0.12174,0.11176,-0.12745,0.29730,0.07013,0.30371
-0.20587,0.10986,0.07603,0.13638,-0.11229,0.24108,0.03382,0.18793
-0.22623,0.09458,-0.00072,0.15782,-0.12360,0.17875,-0.01013,0.08966
-0.20936,0.14669,0.00568,-0.01192,-0.12286,0.20025,-0.02055,0.06681
-0.23079,0.16586,0.04907,-0.10221,-0.09597,0.21692,-0.02096,0.10892
-0.03839,0.33458,0.15206,0.05525,0.05387,0.37928,0.22946,0.56134
0.14116,0.34584,0.11183,0.16828,0.16564,0.36045,0.23444,0.48508
0.15528,0.34136,0.16550,0.05152,0.23595,0.35224,0.20624,0.30494
0.06995,0.35714,0.14625,-0.10522,0.20677,0.31025,0.14581,0.14868
-0.01809,0.35531,0.13133,-0.09251,0.16776,0.31412,0.23447,0.24974
-0.04203,0.33543,0.14630,-0.03752,0.11170,0.24497,0.25323,0.24921
-0.09740,0.28844,0.10350,-0.02810,0.12053,0.26618,0.20221,0.09112
-0.04095,0.28399,0.07860,-0.04673,0.13174,0.31352,0.17482,0.09058
-0.06138,0.29629,0.06475,-0.03360,0.09478,0.43008,0.11052,0.08330
0.07839,0.32345,0.16584,0.04586,0.16690,0.47693,0.24657,0.22910
0.05365,0.28199,0.22002,0.16587,0.16874,0.44029,0.31958,0.39916
0.03348,0.31960,0.20694,0.24359,0.20743,0.47310,0.34238,0.38998
0.04239,0.27897,0.15978,0.18941,0.23405,0.46279,0.27222,0.21297
0.04882,0.25264,0.17099,0.21655,0.18664,0.47805,0.27805,0.28011
0.07318,0.26446,0.18989,0.49952,0.27552,0.48908,0.33977,0.45150
0.13783,0.27417,0.25843,0.66288,0.43985,0.60992,0.43814,0.47636
0.18454,0.25870,0.28094,0.56035,0.42006,0.63371,0.38915,0.51297
0.10031,0.23527,0.21026,0.40689,0.36153,0.71490,0.34311,0.49268
0.06353,0.22229,0.20608,0.27855,0.26695,0.75175,0.33001,0.46117
0.07220,0.19191,0.21550,0.36550,0.30085,0.68576,0.34018,0.48467
0.19871,0.14069,0.25361,0.41583,0.29657,0.40538,0.36584,0.49581
0.17276,0.11009,0.16043,0.26725,0.20523,0.28714,0.26583,0.43047
0.22609,0.16552,0.17845,0.26958,0.27902,0.36602,0.34911,0.49121
0.30235,0.12477,0.11962,0.23916,0.17805,0.33350,0.30125,0.49838
0.20307,0.12952,0.14891,0.17875,0.13570,0.35082,0.22988,0.52711
0.11391,0.12724,0.13506,0.10315,0.13339,0.35410,0.19183,0.53993
-0.03573,0.03935,0.02342,-0.10741,0.03647,0.35722,0.06051,0.35170
-0.10060,0.04586,0.00550,-0.15700,0.05390,0.46031,0.04238,0.47546
-0.18351,0.03264,0.01314,-0.26557,0.03230,0.47862,-0.01728,0.44384
-0.27780,-0.01405,0.00386,-0.32167,0.02892,0.42110,-0.08093,0.32401
-0.22818,0.01706,0.01220,-0.29836,0.08788,0.40305,-0.08448,0.37485
-0.24638,0.04186,0.00210,-0.36492,0.03832,0.42314,-0.09293,0.35985
-0.25039,0.08135,-0.00180,-0.31995,0.04075,0.51104,-0.06916,0.36169
-0.22414,0.08622,-0.00653,-0.26373,0.06594,0.51192,-0.10429,0.33601
-0.26504,0.08258,-0.01474,-0.30955,0.05030,0.43083,-0.16145,0.26964
-0.40521,0.08087,-0.00778,-0.38618,0.04347,0.39241,-0.20392,0.15063
-0.49058,0.00561,0.00859,-0.38168,0.09638,0.31132,-0.21233,0.12340
-0.51833,-0.02782,-0.03533,-0.38952,0.09650,0.17506,-0.24728,0.04067
-0.42985,0.05079,0.02980,-0.28268,0.16240,0.13264,-0.16797,0.12649
-0.48100,0.05770,-0.03274,-0.23193,0.03759,0.08853,-0.17125,0.04328
-0.50159,0.00094,-0.04128,-0.16574,0.06040,0.04783,-0.20340,0.05495
-0.53427,-0.02886,-0.05964,-0.21736,0.00071,-0.04206,-0.22177,-0.06200
-0.48176,-0.06530,-0.08973,-0.23613,0.00073,-0.11619,-0.18282,-0.12472
-0.29585,-0.04543,-0.08050,-0.10374,0.06207,-0.14048,-0.10193,-0.04839
-0.26365,-0.03826,-0.06481,-0.20177,0.09002,-0.12334,-0.08164,-0.05219
-0.28498,-0.02917,-0.04483,-0.21280,0.06618,-0.12640,-0.01809,-0.12913
-0.23840,-0.04950,-0.06620,-0.13894,0.06707,-0.11963,0.04509,-0.09449
0.01125,-0.04663,-0.04688,-0.07552,0.08817,-0.08568,0.14071,0.00023
0.18629,0.03171,-0.13921,-0.06933,0.05940,0.00890,0.21236,0.07036
0.09655,0.05486,-0.16852,-0.08306,0.09589,0.04035,0.24262,0.13367
-0.03322,-0.00707,-0.19162,-0.11577,0.00984,0.02496,0.16784,0.13229
0.48794,-0.00470,-0.14282,-0.19419,0.04823,-0.01167,0.14449,0.14645
0.93334,0.08819,-0.15010,-0.00825,0.12634,-0.01394,0.25440,0.15667
1.80048,0.19076,-0.14699,0.19840,0.22060,0.08422,0.32534,0.39838
1.11802,0.22814,-0.13213,0.15949,0.18970,0.16652,0.23555,0.54377
