0.16281,0.00938,0.18377,0.09816,0.09389,0.12412,0.10868,0.16920,0.39387,-0.34048,0.44098
0.14283,0.04851,0.16876,0.11209,0.01452,0.04332,0.11702,0.10163,0.40072,-0.37344,0.28189
0.08517,-0.01236,0.01025,0.12260,-0.10613,-0.06706,0.06927,-0.01482,0.30354,-0.47211,0.14314
0.18239,-0.10431,0.11486,0.08494,-0.06862,-0.03119,0.05709,0.01015,0.35753,-0.25161,0.12696
0.28360,-0.18809,0.16514,0.06718,-0.07927,-0.01859,0.03138,-0.00339,0.39928,-0.12608,0.09148
0.22307,-0.13526,0.28112,0.04133,-0.05969,-0.02755,0.00180,0.01174,0.34010,0.09903,0.04661
0.15877,-0.15626,0.18226,0.03274,-0.06718,-0.04879,0.04105,0.01749,0.25137,0.05401,0.19335
0.18592,-0.16871,0.17518,0.04766,-0.07773,-0.07821,0.03054,0.02924,0.24387,-0.06585,0.14322
0.20410,-0.06935,0.29626,0.14014,0.01003,0.04340,0.11843,0.12969,0.28834,0.06696,0.17600
0.27473,-0.13937,0.28100,0.22417,0.00842,0.05795,0.13911,0.09946,0.32574,-0.01011,0.13268
0.20013,-0.18784,0.17780,0.18306,-0.07863,0.01847,0.01326,-0.01283,0.27630,-0.17633,0.08631
0.17712,-0.22155,0.11922,0.17087,-0.09702,-0.03233,-0.08556,-0.02251,0.24122,-0.22404,0.00900
0.15521,-0.31592,-0.01195,0.06282,-0.10273,-0.10311,-0.16716,-0.05910,0.13173,-0.30470,-0.11967
0.15420,-0.35431,-0.02399,0.06320,-0.10838,-0.07767,-0.12240,-0.05231,0.09592,-0.27787,-0.07380
0.15242,-0.34958,0.14341,0.05477,-0.06031,-0.04145,-0.11747,0.00369,0.14653,-0.20295,-0.12119
0.09346,-0.31120,0.07965,0.04039,-0.08343,-0.06441,-0.12717,-0.02620,0.07360,-0.23969,-0.14293
0.07938,-0.20744,0.04357,-0.01730,-0.05445,-0.04589,-0.10848,-0.03983,0.06906,-0.22834,-0.08339
0.08638,-0.22757,-0.05080,-0.03002,-0.03511,-0.06386,-0.13713,-0.07302,0.04239,-0.29560,-0.06028
0.10516,-0.20071,-0.09148,-0.04252,-0.05566,-0.07147,-0.12845,-0.09707,0.01984,-0.29522,-0.04689
-0.03279,-0.25186,-0.14482,-0.11249,-0.06982,-0.10517,-0.17647,-0.17438,0.00321,-0.27172,-0.09312
-0.11596,-0.30044,-0.14749,-0.13778,-0.13824,-0.15770,-0.18103,-0.22236,-0.02789,-0.27661,-0.12732
-0.10906,-0.20038,-0.07782,-0.11935,-0.12951,-0.10399,-0.11900,-0.14207,-0.00582,-0.20499,-0.11202
-0.09047,-0.13800,-0.04884,-0.09143,-0.07919,-0.06998,-0.05892,-0.09396,0.04665,-0.06152,-0.05051
-0.01093,0.00161,0.05328,-0.03687,0.01723,0.03785,0.07899,-0.01680,0.06410,0.11103,0.09171
0.13695,0.13356,0.23871,0.04984,0.11992,0.17319,0.23042,0.07549,0.16770,0.29833,0.23426
0.20941,0.16018,0.33307,0.00835,0.13853,0.13694,0.09799,0.12321,0.19634,0.34466,0.19143
0.35272,0.21262,0.39510,0.04596,0.21129,0.23071,0.14729,0.22737,0.24864,0.58163,0.30875
0.56444,0.20042,0.53808,0.08204,0.26332,0.32208,0.11676,0.28249,0.40551,0.66275,0.50436
0.55429,0.07751,0.48910,0.10421,0.19921,0.24092,0.08764,0.23667,0.40101,0.39669,0.36308
0.57868,0.11748,0.50745,0.13141,0.27105,0.26738,0.16185,0.29054,0.44485,0.41760,0.30894
0.48159,0.18634,0.59835,0.15677,0.37632,0.31349,0.21678,0.36048,0.51882,0.54931,0.29856
0.59622,0.25849,0.69817,0.26135,0.39882,0.45701,0.31935,0.43020,0.61406,0.57344,0.42895
0.67301,0.26936,0.64331,0.27768,0.37714,0.45437,0.24226,0.38716,0.62582,0.54495,0.40903
0.57116,0.21240,0.51728,0.25029,0.40866,0.32629,0.23342,0.35478,0.43653,0.57383,0.29187
0.35245,0.09601,0.36140,0.18429,0.32670,0.21346,0.18994,0.26251,0.29832,0.34120,0.14826
0.35285,0.03369,0.33990,0.14912,0.30130,0.16501,0.14636,0.25428,0.34624,0.38330,0.10549
0.37522,0.04879,0.26975,0.12734,0.41674,0.12434,0.10397,0.25074,0.33381,0.25852,0.16611
0.31159,0.10328,0.19444,0.11809,0.36026,0.13506,0.11725,0.18709,0.34476,0.22185,0.21874
0.35225,0.14911,0.20177,0.09269,0.42359,0.14974,0.13290,0.20534,0.32823,0.20107,0.18576
0.33530,0.16983,0.16879,0.04369,0.45801,0.10567,0.08576,0.20164,0.32540,0.27020,0.17992
0.32250,0.16239,0.22950,0.07371,0.51122,0.13503,0.10657,0.23966,0.35681,0.47435,0.24991
0.23228,0.14233,0.26219,0.08514,0.39643,0.13896,0.11498,0.21529,0.37297,0.59726,0.22656
0.17615,0.03506,0.19907,0.08450,0.30789,0.07953,0.06886,0.14042,0.26802,0.48534,0.19245
0.21160,0.05847,0.15318,0.04488,0.45318,0.06047,0.06588,0.16972,0.21044,0.64807,0.23298
0.24341,0.06430,0.13729,0.03137,0.51448,0.04145,0.11123,0.22970,0.18035,0.56818,0.22125
0.14738,0.03684,0.05671,0.00386,0.42393,0.02742,0.09981,0.14938,0.27912,0.42531,0.25856
0.18745,0.06112,0.10719,0.03131,0.37328,0.08574,0.10833,0.18351,0.42134,0.45499,0.32385
0.15556,0.05813,0.09637,0.01772,0.43741,0.08825,0.09750,0.13304,0.37979,0.36108,0.32650
0.15276,0.06442,0.16639,0.04562,0.44806,0.13876,0.14485,0.14403,0.42385,0.48759,0.36219
0.16186,0.04274,0.20410,0.06360,0.53422,0.13030,0.15695,0.16692,0.35049,0.57728,0.31243
0.10808,-0.01666,0.11227,0.07329,0.52766,0.10098,0.12757,0.12542,0.33051,0.52699,0.35330
0.09548,-0.06799,0.06845,0.09318,0.36475,0.11187,0.13236,0.11259,0.23070,0.38004,0.26783
0.07362,-0.05521,0.04802,0.06009,0.34065,0.13738,0.11905,0.09576,0.22704,0.32787,0.18089
0.14034,-0.06417,0.04284,0.04324,0.37482,0.12607,0.10029,0.10267,0.21999,0.34874,0.19399
0.26545,-0.02279,0.05351,0.03392,0.45623,0.14293,0.14403,0.15326,0.33205,0.38993,0.20936
0.21454,0.04282,0.06324,0.03272,0.25516,0.13863,0.12289,0.17279,0.34443,0.23956,0.14247
0.16968,0.06972,0.07205,0.05866,0.18955,0.18115,0.13226,0.20372,0.41843,0.23769,0.12128
0.38437,0.06760,0.13170,0.05203,0.31475,0.22435,0.09037,0.29693,0.37647,0.34599,0.07764
0.41740,0.07137,0.07957,0.05885,0.33866,0.20705,0.04726,0.28847,0.26010,0.28571,0.07068
0.26948,0.09480,0.01234,0.05602,0.16347,0.15565,0.03769,0.22414,0.21306,0.16515,0.05661
0.27834,0.11350,-0.04435,0.06925,0.19966,0.14036,0.05980,0.18317,0.20016,0.07681,0.05124
0.25211,0.17659,-0.05127,0.08786,0.19035,0.17273,0.10904,0.14590,0.26490,0.12292,0.08669
0.21456,0.25947,0.04466,0.11440,0.04209,0.20160,0.14425,0.17159,0.31114,0.17543,0.03893
0.29999,0.37112,0.13957,0.12619,0.15715,0.24001,0.21372,0.23713,0.41384,0.23789,0.13108
0.32010,0.34106,0.11572,0.11390,0.21840,0.17477,0.17502,0.18084,0.36266,0.18869,0.18677
0.28447,0.39826,0.10492,0.12349,0.24910,0.18131,0.15191,0.16306,0.36810,0.15006,0.19956
0.19400,0.39931,0.12522,0.13936,0.11400,0.19468,0.14259,0.15753,0.38065,0.13839,0.16722
0.25411,0.35041,0.16325,0.14228,0.17995,0.20149,0.14310,0.16197,0.44479,0.17199,0.24205
0.28554,0.31739,0.12801,0.11153,0.17578,0.13901,0.09930,0.09588,0.27248,0.16695,0.27474
0.28104,0.38718,0.18919,0.16663,0.20108,0.15620,0.18571,0.08941,0.30272,0.18796,0.39672
0.29681,0.43623,0.29546,0.15524,0.27112,0.17843,0.23719,0.13819,0.28154,0.32658,0.41218
0.53439,0.39803,0.34420,0.15595,0.39607,0.25608,0.21795,0.21017,0.21542,0.48646,0.29302
0.58951,0.38000,0.39203,0.14514,0.35397,0.23209,0.17696,0.27377,0.10790,0.61975,0.24941
0.46826,0.26810,0.35737,0.12053,0.24025,0.13629,0.11062,0.26274,0.02455,0.45244,0.19440
0.62549,0.24629,0.32632,0.11436,0.44378,0.11592,0.10544,0.26708,0.02858,0.41691,0.22474
0.72198,0.22148,0.28354,0.13847,0.46316,0.11640,0.13567,0.24402,0.04626,0.46335,0.21773
0.58445,0.12154,0.13960,0.13728,0.31814,0.04176,0.15283,0.18095,-0.05312,0.36092,0.19577
0.65733,0.09740,0.15222,0.15134,0.32088,0.03421,0.16749,0.18375,-0.09947,0.41266,0.19653
0.64307,0.00046,0.03411,0.09532,0.34046,-0.05111,0.09027,0.09113,-0.20058,0.23475,0.15552
0.59685,-0.04308,0.00703,0.07521,0.28694,-0.04883,0.03520,0.07924,-0.22658,0.12721,0.04884
0.52035,-0.05204,0.00305,0.09656,0.30726,-0.06528,0.00679,0.08604,-0.14796,0.14785,-0.00479
0.56067,-0.05285,0.00852,0.08363,0.31121,-0.05369,-0.03877,0.09507,-0.08089,0.20156,-0.01922
0.56902,-0.04272,-0.04502,0.06224,0.32133,-0.07251,-0.06055,0.06411,-0.03400,0.20790,-0.01111
0.52004,-0.09533,-0.09343,0.04258,0.27219,-0.14371,-0.07143,-0.00787,-0.03990,0.14388,0.05481
0.34347,-0.16508,-0.15798,0.01540,0.11901,-0.17969,-0.05692,-0.09911,-0.03940,0.01471,0.02517
0.26901,-0.13354,-0.05571,0.06657,0.10496,-0.11414,-0.00175,-0.04205,0.04954,0.10124,-0.00202
0.00811,-0.17388,-0.10315,0.05308,-0.04725,-0.10901,-0.07315,-0.12041,0.00251,-0.08516,-0.06745
-0.38768,-0.32824,-0.32130,-0.08882,-0.26808,-0.27055,-0.21722,-0.33765,-0.26310,-0.32959,-0.23514
-0.45477,-0.27938,-0.36278,-0.12539,-0.23823,-0.35429,-0.24991,-0.35726,-0.36712,-0.37239,-0.24689
-0.44849,-0.25657,-0.30839,-0.15435,-0.28232,-0.37908,-0.25253,-0.36894,-0.35010,-0.39983,-0.26970
-0.40049,-0.22617,-0.25123,-0.13670,-0.23031,-0.42048,-0.20915,-0.33243,-0.35786,-0.31982,-0.21628
-0.42297,-0.27804,-0.30378,-0.17561,-0.27387,-0.51030,-0.19938,-0.42451,-0.47509,-0.27485,-0.21743
-0.40397,-0.27949,-0.28180,-0.22287,-0.33335,-0.52026,-0.24625,-0.47616,-0.54947,-0.28582,-0.27189
-0.36549,-0.23945,-0.19676,-0.21739,-0.35185,-0.43073,-0.23016,-0.40816,-0.48660,-0.23583,-0.27016
-0.34321,-0.26419,-0.18047,-0.18327,-0.34318,-0.36294,-0.19534,-0.37823,-0.43915,-0.26069,-0.26953
-0.33439,-0.22079,-0.10545,-0.13168,-0.31875,-0.30225,-0.15196,-0.33284,-0.39388,-0.19087,-0.23572
-0.30260,-0.15157,-0.00918,-0.09043,-0.28575,-0.25714,-0.12640,-0.29927,-0.37269,-0.09638,-0.18060
-0.18380,-0.11972,0.00563,-0.11831,-0.21074,-0.18505,-0.12329,-0.24631,-0.29639,-0.07483,-0.13889
-0.03774,-0.06234,0.04899,-0.08113,-0.13732,-0.17332,-0.05617,-0.14796,-0.25804,0.11044,-0.09097
0.54798,0.12712,0.50779,0.10911,0.17529,0.07122,0.10754,0.13293,0.00988,0.48372,0.10118
0.92210,0.16387,0.89730,0.19967,0.20152,0.31671,0.20394,0.26359,0.36012,0.69871,0.08981
0.90161,0.18035,0.72903,0.21279,0.20669,0.27325,0.23586,0.27687,0.36903,0.75242,0.16673
0.76691,0.18692,0.81859,0.22638,0.20847,0.53443,0.24994,0.35106,0.48370,0.78406,0.12093
0.64762,0.24209,0.94184,0.31932,0.22127,0.81891,0.25679,0.53646,0.76945,0.68887,0.12351
0.65562,0.32923,1.07981,0.41411,0.32472,1.15018,0.43522,0.84724,1.22899,0.79762,0.28244
0.49275,0.26119,0.69823,0.34641,0.29715,0.67722,0.37043,0.62297,0.87208,0.63130,0.23373
0.27126,0.17182,0.51868,0.24343,0.11809,0.29476,0.22158,0.42286,0.67633,0.49703,0.16690
0.20119,0.17561,0.42034,0.18626,0.06373,0.24423,0.17656,0.34060,0.62889,0.38062,0.10604
0.22651,0.17862,0.33446,0.17722,0.08939,0.25221,0.12720,0.35682,0.65851,0.30862,0.11047
0.15802,0.17167,0.24044,0.17080,0.05322,0.03904,0.07799,0.23508,0.45145,0.20845,0.11326
0.18468,0.18434,0.28810,0.16458,0.03480,0.02342,0.09238,0.20834,0.40260,0.21562,0.13229
0.22959,0.24278,0.32554,0.15923,0.04424,0.01629,0.11591,0.25684,0.43549,0.24856,0.14617
0.21371,0.24687,0.33972,0.13451,0.08033,0.04785,0.07192,0.23456,0.40586,0.25031,0.12355
0.26071,0.19857,0.35433,0.14080,0.16873,0.11973,0.04139,0.27052,0.32201,0.25507,0.04414
0.28149,0.28279,0.33461,0.14696,0.22121,0.13734,0.04234,0.29299,0.38601,0.29163,0.08571
0.35190,0.36161,0.36456,0.15004,0.37795,0.19512,0.06913,0.36850,0.47971,0.38527,0.13947
0.22453,0.28696,0.23146,0.11578,0.36336,0.06008,0.06057,0.24195,0.29682,0.24884,0.10873
0.25083,0.29749,0.19096,0.15280,0.32708,0.00709,0.12279,0.20206,0.25232,0.18630,0.10886
0.30624,0.37318,0.29152,0.23827,0.38535,0.09094,0.25753,0.27846,0.31937,0.26876,0.20690
0.34865,0.32723,0.30261,0.22706,0.40056,0.08284,0.27097,0.28441,0.32302,0.23452,0.19520
0.36674,0.31868,0.41628,0.20646,0.47205,0.08483,0.28054,0.29375,0.36248,0.29276,0.16141
0.15988,0.15128,0.26287,0.14796,0.27855,-0.02332,0.14858,0.09082,0.17481,0.21775,0.09824
0.04631,0.08982,0.21363,0.12106,0.20013,-0.08585,0.12730,0.02014,0.12520,0.17550,0.11276
-0.02476,0.09319,0.18641,0.10711,0.16438,-0.07285,0.10814,0.01111,0.08415,0.15400,0.11313
-0.00377,0.07156,0.14468,0.10704,0.14506,-0.09068,0.14197,0.03140,0.11916,0.12365,0.14825
