0.07940,0.06394,0.00845,0.12256,0.08219,0.11650,0.08364,0.18979,0.09857,-0.31224,0.34994
0.05667,0.03019,-0.01525,0.12487,0.01346,0.04326,0.06021,0.12577,0.06386,-0.32945,0.20694
0.03033,-0.02588,-0.15880,0.12853,-0.09212,-0.05381,0.00457,0.01851,-0.00173,-0.42655,0.08580
0.09262,-0.04634,-0.04348,0.10065,-0.06257,-0.00711,0.00752,0.03877,0.03818,-0.21164,0.06897
0.13380,-0.04627,0.04023,0.07781,-0.07221,0.00798,-0.00030,0.01503,0.04947,-0.09228,0.03820
0.12387,-0.00904,0.23094,0.05663,-0.05805,0.00474,-0.00980,0.03831,0.04118,0.18385,-0.00045
0.06340,-0.04747,0.18077,0.04832,-0.06428,-0.02638,0.03352,0.03695,0.01931,0.14242,0.14273
0.05723,-0.07808,0.16426,0.05796,-0.07473,-0.05891,0.01670,0.04635,-0.01061,0.01888,0.08337
0.07704,-0.03570,0.35404,0.13462,0.00342,0.05088,0.10733,0.14538,0.04396,0.12078,0.12648
0.10083,-0.06693,0.29461,0.20751,-0.00041,0.06314,0.14974,0.12920,0.07694,0.02394,0.12569
0.07424,-0.09674,0.16716,0.17764,-0.08348,0.02448,0.04210,0.03288,0.00791,-0.13076,0.08261
0.03774,-0.12331,0.11652,0.16718,-0.09991,-0.02427,-0.04841,0.02136,-0.00828,-0.17918,0.00098
-0.00181,-0.15945,-0.03348,0.06698,-0.10366,-0.09297,-0.13165,-0.02166,-0.08134,-0.25837,-0.13374
0.01163,-0.16630,-0.00060,0.07312,-0.11057,-0.07359,-0.08883,-0.02987,-0.10667,-0.24690,-0.09544
0.01941,-0.14697,0.26188,0.06115,-0.07361,-0.04025,-0.07643,0.02806,-0.06563,-0.16862,-0.14338
-0.01249,-0.13836,0.26186,0.03936,-0.09308,-0.07007,-0.08253,-0.01037,-0.12631,-0.20175,-0.17502
-0.01641,-0.10457,0.23295,-0.00772,-0.06563,-0.05236,-0.07521,-0.02489,-0.10216,-0.19269,-0.12332
-0.02240,-0.12468,0.08026,-0.01920,-0.04298,-0.06612,-0.10423,-0.06034,-0.10824,-0.26914,-0.09949
-0.01489,-0.10884,0.01080,-0.03787,-0.06190,-0.07268,-0.08907,-0.08114,-0.10001,-0.28345,-0.09024
-0.07197,-0.11705,-0.05100,-0.11149,-0.07856,-0.10347,-0.12832,-0.16012,-0.06675,-0.27286,-0.13657
-0.11790,-0.13777,-0.05155,-0.13890,-0.13722,-0.15083,-0.12092,-0.21714,-0.09201,-0.27955,-0.17564
-0.10687,-0.08881,0.02268,-0.12437,-0.12810,-0.09855,-0.07206,-0.15557,-0.01393,-0.22409,-0.16356
-0.08825,-0.06067,0.06523,-0.09754,-0.07986,-0.06552,0.00544,-0.11113,0.13668,-0.09903,-0.10270
-0.02800,0.03392,0.20104,-0.04419,0.01073,0.03399,0.14814,-0.03159,0.26083,0.06206,0.03436
0.06737,0.11058,0.46778,0.04084,0.11446,0.15973,0.31555,0.06523,0.56147,0.25764,0.17624
0.08217,0.13716,0.60740,-0.00315,0.14037,0.12972,0.18836,0.10663,0.90266,0.32710,0.13996
0.14852,0.18458,0.66870,0.04013,0.22216,0.21168,0.25622,0.19202,0.87890,0.53941,0.25951
0.21007,0.29271,0.78945,0.07999,0.30680,0.29628,0.23363,0.25321,1.89524,0.60150,0.42638
0.19971,0.19459,0.62356,0.10880,0.21207,0.21771,0.19157,0.22017,1.04484,0.36148,0.30689
0.21584,0.21344,0.61364,0.13866,0.26941,0.24078,0.25658,0.26475,0.90310,0.39772,0.28471
0.22299,0.28226,0.73051,0.16114,0.36853,0.28765,0.30785,0.32665,1.11965,0.53824,0.29033
0.29981,0.30513,0.76661,0.27558,0.38621,0.42392,0.40273,0.39657,1.15097,0.54824,0.43669
0.35324,0.24147,0.64866,0.30560,0.35553,0.42127,0.34096,0.37367,1.12925,0.52130,0.43113
0.33955,0.20146,0.54520,0.28708,0.37888,0.30115,0.34782,0.35599,0.96758,0.55651,0.30980
0.22354,0.12646,0.30812,0.23431,0.31403,0.19349,0.25360,0.26829,0.53154,0.31776,0.16194
0.21910,0.09921,0.30830,0.20573,0.29853,0.15072,0.18689,0.25979,0.48455,0.35111,0.11301
0.22048,0.07152,0.20936,0.17325,0.40801,0.11432,0.13143,0.24747,0.36403,0.22924,0.17153
0.18867,0.05646,0.09603,0.16810,0.34285,0.12550,0.13425,0.19179,0.33166,0.18612,0.22297
0.19664,0.05643,0.09977,0.14523,0.39959,0.14237,0.15174,0.20814,0.32441,0.17278,0.18631
0.20239,0.04984,0.05585,0.09538,0.43561,0.10154,0.12261,0.20421,0.34298,0.23847,0.18361
0.22757,0.05228,0.12858,0.12747,0.47369,0.12777,0.15803,0.23397,0.38599,0.44376,0.25252
0.21342,0.05689,0.17336,0.14121,0.37138,0.13335,0.16193,0.20936,0.39230,0.56824,0.22109
0.18620,0.00569,0.12569,0.14392,0.28878,0.07670,0.11807,0.13579,0.26807,0.46612,0.18378
0.20200,0.01372,0.08653,0.10222,0.42000,0.05919,0.12280,0.16828,0.25639,0.64595,0.22385
0.21721,0.02008,0.07311,0.09277,0.47634,0.03929,0.14002,0.23154,0.22776,0.56330,0.21506
0.15645,-0.00367,0.00052,0.07009,0.39960,0.02193,0.11785,0.15212,0.25172,0.42684,0.25542
0.18843,0.01438,0.05606,0.08774,0.34092,0.07621,0.15830,0.17601,0.35216,0.46185,0.31735
0.17381,0.01339,0.02672,0.07416,0.39522,0.07592,0.15168,0.12983,0.33687,0.37681,0.32025
0.17445,0.02862,0.11178,0.11425,0.39992,0.11948,0.22521,0.14240,0.41220,0.50371,0.35008
0.17427,0.15346,0.18743,0.12126,0.49148,0.11027,0.24940,0.16075,0.37284,0.61640,0.29588
0.13722,0.25249,0.09229,0.12593,0.49945,0.08390,0.21657,0.12195,0.35277,0.56243,0.33355
0.10342,0.17662,0.07260,0.13601,0.34590,0.09798,0.22482,0.10845,0.23890,0.42269,0.24498
0.08962,0.20733,0.06275,0.10337,0.32031,0.12824,0.22246,0.08792,0.26427,0.36873,0.16296
0.09505,0.17404,0.06650,0.09313,0.35405,0.11621,0.20247,0.10086,0.27076,0.39225,0.17740
0.14093,0.19663,0.05269,0.08603,0.43184,0.13060,0.25038,0.14854,0.38044,0.45841,0.19413
0.13228,0.16384,0.06572,0.07265,0.24183,0.12730,0.24474,0.16069,0.42236,0.30150,0.13074
0.12370,0.19751,0.07495,0.09983,0.18366,0.17489,0.27453,0.18438,0.48069,0.30177,0.11173
0.20443,0.21828,0.11995,0.09552,0.29554,0.21927,0.22077,0.26684,0.49631,0.41015,0.07421
0.19728,0.15399,0.07218,0.11189,0.31989,0.19829,0.13449,0.25975,0.42367,0.32781,0.06530
0.12683,0.10724,0.02790,0.09668,0.16496,0.14831,0.11636,0.19659,0.29388,0.18632,0.05061
0.13223,0.10158,-0.04117,0.10861,0.20115,0.13541,0.11439,0.16233,0.24907,0.10707,0.04698
0.14985,0.10208,-0.07819,0.11215,0.18101,0.16658,0.13084,0.13323,0.31098,0.16717,0.08535
0.16351,0.13890,0.01749,0.13527,0.03798,0.19091,0.13906,0.15718,0.34161,0.21148,0.04625
0.21441,0.20172,0.10917,0.14982,0.14319,0.22509,0.19763,0.23177,0.43477,0.27368,0.14487
0.20732,0.17935,0.08654,0.12369,0.20086,0.17550,0.16379,0.18363,0.38616,0.22175,0.20226
0.20026,0.20399,0.07141,0.13126,0.22252,0.19236,0.15857,0.16689,0.37909,0.17592,0.21697
0.17748,0.19845,0.09842,0.14304,0.10225,0.20258,0.13225,0.16381,0.36772,0.14247,0.18473
0.19486,0.20076,0.16048,0.14578,0.16770,0.20837,0.12312,0.17192,0.39164,0.16466,0.25716
0.18040,0.17884,0.13879,0.10623,0.16642,0.13613,0.07056,0.10512,0.25756,0.15969,0.28595
0.17878,0.18676,0.21138,0.15879,0.19198,0.14844,0.16122,0.09960,0.27508,0.17492,0.39232
0.19822,0.20290,0.36416,0.14416,0.25679,0.17396,0.23402,0.14021,0.26228,0.31913,0.40637
0.28628,0.20341,0.42704,0.14888,0.35882,0.27807,0.21489,0.20887,0.25946,0.48864,0.28471
0.29978,0.20120,0.51893,0.13533,0.31313,0.25411,0.19016,0.26772,0.19367,0.61122,0.23384
0.22498,0.15295,0.56849,0.11184,0.21423,0.15217,0.14917,0.25185,0.08935,0.42514,0.18833
0.27469,0.13863,0.55688,0.10784,0.39728,0.12683,0.16200,0.25223,0.08212,0.39008,0.21186
0.31762,0.13688,0.49379,0.13529,0.40913,0.12554,0.16648,0.22474,0.11214,0.44301,0.20027
0.26067,0.07242,0.30428,0.12769,0.27845,0.04941,0.14828,0.16070,0.04063,0.34808,0.18002
0.28479,0.07551,0.35260,0.13693,0.27487,0.04535,0.15174,0.15465,-0.00328,0.39261,0.17601
0.24564,0.00525,0.23015,0.07809,0.28368,-0.03996,0.09306,0.06247,-0.12346,0.21836,0.12973
0.22101,-0.01645,0.16053,0.05910,0.23569,-0.04117,0.04548,0.05248,-0.15113,0.10283,0.02473
0.19009,-0.02323,0.14669,0.08017,0.25650,-0.05867,0.02181,0.04861,-0.10746,0.11449,-0.02968
0.21100,-0.01675,0.13234,0.06205,0.25590,-0.04110,-0.00957,0.05819,-0.04414,0.16809,-0.03803
0.20927,0.01534,0.03073,0.04398,0.26535,-0.06155,-0.03546,0.03004,0.00982,0.17338,-0.02546
0.20439,-0.01656,-0.02470,0.02228,0.22561,-0.13578,-0.04226,-0.03588,0.00083,0.10829,0.03594
0.11274,-0.06176,-0.12037,-0.00193,0.08623,-0.17611,-0.03186,-0.12000,-0.02134,-0.02531,0.01170
0.11643,-0.03145,-0.03539,0.04732,0.09431,-0.11383,0.02472,-0.05194,0.05380,0.05055,-0.00672
0.02233,-0.08120,-0.10982,0.03391,-0.04711,-0.11257,-0.06277,-0.11939,-0.01124,-0.11576,-0.06324
-0.16953,-0.22240,-0.31470,-0.10110,-0.25513,-0.26306,-0.21716,-0.32874,-0.27050,-0.34654,-0.22064
-0.19529,-0.22552,-0.36266,-0.13796,-0.23180,-0.34260,-0.25237,-0.35015,-0.38523,-0.39462,-0.23464
-0.20806,-0.21788,-0.32245,-0.16374,-0.27226,-0.37002,-0.25562,-0.35885,-0.35984,-0.42211,-0.25815
-0.17746,-0.18015,-0.26260,-0.13552,-0.22586,-0.40660,-0.20656,-0.30818,-0.31555,-0.35054,-0.19662
-0.20581,-0.19319,-0.27162,-0.17211,-0.26487,-0.48303,-0.18286,-0.39822,-0.40083,-0.30179,-0.19176
-0.19833,-0.19628,-0.23669,-0.21451,-0.32513,-0.48552,-0.23349,-0.45131,-0.43748,-0.30687,-0.23761
-0.17059,-0.17140,-0.16340,-0.20684,-0.33625,-0.41216,-0.21832,-0.38376,-0.38343,-0.25778,-0.23761
-0.16415,-0.18597,-0.14908,-0.17399,-0.32514,-0.35948,-0.18649,-0.35556,-0.38151,-0.28205,-0.24216
-0.16362,-0.15793,-0.08755,-0.12953,-0.30699,-0.30164,-0.14435,-0.30212,-0.34657,-0.21157,-0.20384
-0.13594,-0.11220,0.01191,-0.08736,-0.27251,-0.25596,-0.11955,-0.26822,-0.30845,-0.09901,-0.14502
-0.08737,-0.08909,0.01767,-0.10931,-0.19859,-0.18956,-0.12001,-0.22982,-0.24038,-0.07087,-0.11045
-0.04111,-0.03282,0.09635,-0.07785,-0.12622,-0.17492,-0.04947,-0.13389,-0.17647,0.11616,-0.06930
0.17706,0.15089,0.55780,0.10206,0.17257,0.04902,0.13014,0.13593,0.12518,0.47961,0.11178
0.28372,0.26455,1.02348,0.19873,0.21100,0.26212,0.25946,0.26516,0.50882,0.69983,0.10286
0.29481,0.26891,0.89184,0.20701,0.23426,0.23441,0.29284,0.29632,0.48960,0.77991,0.18454
0.25617,0.23525,0.89085,0.21815,0.23872,0.48936,0.29453,0.34126,0.52534,0.81774,0.13593
0.25479,0.24580,0.90369,0.30918,0.25485,0.75766,0.27327,0.51650,0.71261,0.72531,0.13657
0.28815,0.34569,1.05046,0.41464,0.37721,1.02429,0.49418,0.86952,1.04840,0.83246,0.28841
0.19485,0.27480,0.74470,0.35413,0.34117,0.59747,0.40966,0.64600,0.72823,0.65382,0.24484
0.11870,0.18986,0.54837,0.25015,0.16132,0.26183,0.26245,0.47076,0.60163,0.51877,0.19479
0.08994,0.18245,0.43288,0.20037,0.11639,0.21794,0.19900,0.40979,0.55637,0.38801,0.13230
0.09330,0.16958,0.36392,0.19143,0.14363,0.23432,0.13605,0.41622,0.55844,0.30640,0.14056
0.04199,0.14550,0.30237,0.17709,0.09271,0.02448,0.07834,0.26913,0.39186,0.20310,0.14165
0.04665,0.15597,0.35892,0.17420,0.06994,0.01035,0.08800,0.22365,0.35400,0.19755,0.16380
0.07208,0.18331,0.37605,0.17202,0.07557,0.01084,0.13666,0.28400,0.34940,0.22959,0.18073
0.08469,0.18264,0.34566,0.15362,0.10923,0.03766,0.10877,0.28081,0.31118,0.24396,0.15863
0.10340,0.15975,0.35106,0.16537,0.19056,0.10385,0.08344,0.26611,0.23770,0.24906,0.07510
0.12212,0.23120,0.37075,0.16054,0.23406,0.12419,0.08476,0.28518,0.27459,0.29092,0.11239
0.16566,0.29256,0.40349,0.16468,0.38842,0.17563,0.11846,0.34607,0.36242,0.38171,0.16419
0.11411,0.21664,0.26046,0.12728,0.36560,0.04750,0.09253,0.22187,0.21918,0.23368,0.13559
0.12592,0.19913,0.23005,0.16169,0.32652,-0.00081,0.15148,0.18357,0.20587,0.16536,0.13643
0.23167,0.24841,0.35984,0.24300,0.37389,0.07976,0.28215,0.25679,0.26536,0.24286,0.22089
0.26251,0.22772,0.38248,0.23688,0.38333,0.06993,0.29732,0.25700,0.25602,0.20955,0.20684
0.26975,0.26111,0.48873,0.21775,0.44620,0.08047,0.32464,0.26543,0.28451,0.26679,0.16988
0.12274,0.14074,0.29686,0.15832,0.27358,-0.02005,0.18424,0.07063,0.13032,0.19630,0.10004
0.06485,0.08670,0.24036,0.13700,0.20275,-0.07746,0.16924,0.00972,0.08958,0.16095,0.11446
0.04212,0.06726,0.20323,0.12376,0.16864,-0.07266,0.12593,0.00083,0.07272,0.13174,0.11583
0.04726,0.04972,0.14574,0.12491,0.15854,-0.08625,0.12742,0.01763,0.10511,0.08689,0.14313
0.01038,0.05165,0.09056,0.14546,0.10802,-0.10234,0.13115,0.00369,0.12520,0.03756,0.17056
0.05272,0.05462,0.13472,0.16016,0.08894,-0.07949,0.16387,0.02821,0.15479,0.05697,0.15346
0.07760,0.04221,0.15791,0.16495,0.04087,-0.04763,0.18091,0.03724,0.15586,0.13063,0.14952
0.07641,0.06713,0.23303,0.19123,0.03093,0.02266,0.18058,0.04922,0.19806,0.25583,0.15537
0.05261,0.04217,0.21254,0.16193,-0.02466,0.02467,0.14382,0.02206,0.18482,0.25891,0.14406
0.03921,0.04911,0.18809,0.12606,-0.02216,-0.01337,0.07892,-0.00645,0.16672,0.17411,0.12113
0.05742,0.08281,0.20640,0.16297,-0.02956,0.01174,0.09259,0.01538,0.19498,0.21333,0.17410
0.07379,0.08702,0.14548,0.19507,-0.01834,0.02113,0.11963,0.03933,0.21612,0.15836,0.18868
0.20334,0.21630,0.30568,0.25273,0.17767,0.20362,0.25025,0.24453,0.34844,0.32489,0.21833
0.25881,0.25534,0.33120,0.24388,0.25719,0.31230,0.25781,0.27709,0.35818,0.31038,0.15647
0.24541,0.22250,0.28912,0.22210,0.20071,0.30660,0.28427,0.22890,0.34906,0.20603,0.15527
0.19526,0.18614,0.28323,0.18071,0.10210,0.29024,0.24922,0.18661,0.28585,0.14893,0.08826
0.21929,0.18524,0.32256,0.15723,0.10862,0.32546,0.25673,0.18695,0.28727,0.15815,0.08494
0.20156,0.18370,0.33086,0.16901,0.12008,0.31619,0.22667,0.17201,0.27599,0.10394,0.09937
0.14573,0.21361,0.28492,0.19633,0.12103,0.25578,0.22372,0.14432,0.20803,0.00507,0.13224
0.16632,0.23375,0.25881,0.20860,0.12454,0.23396,0.25571,0.18634,0.19984,-0.03253,0.16970
0.14685,0.26690,0.24778,0.23967,0.16312,0.22196,0.30796,0.18627,0.22261,-0.04500,0.22532
0.22656,0.32695,0.30321,0.26474,0.28705,0.40740,0.36605,0.28437,0.24512,0.09295,0.18479
0.21509,0.29387,0.33309,0.22610,0.30704,0.47382,0.36771,0.30775,0.14094,0.12183,0.09620
0.18014,0.32114,0.40425,0.20486,0.26412,0.50242,0.38967,0.32812,0.10664,0.12117,0.10712
0.15428,0.47482,0.37204,0.17266,0.18523,0.44946,0.38513,0.31354,0.02772,0.08340,0.09147
0.15481,0.54516,0.33192,0.15475,0.16710,0.37441,0.36966,0.33595,0.02976,0.08534,0.09055
0.16928,0.59999,0.37532,0.16911,0.19198,0.35815,0.36771,0.36999,0.06937,0.16863,0.09987
0.19102,0.57956,0.44777,0.24423,0.27155,0.43024,0.44955,0.45675,0.06677,0.26965,0.18013
0.15381,0.52930,0.44140,0.21998,0.25698,0.41371,0.42867,0.43397,0.01790,0.28771,0.12534
0.10654,0.46516,0.35698,0.18035,0.19435,0.34258,0.43127,0.39312,-0.00370,0.27544,0.11212
0.11814,0.49821,0.31339,0.11412,0.13629,0.28709,0.42479,0.36105,0.03912,0.29018,0.12843
0.14417,0.48551,0.31554,0.09905,0.15775,0.28905,0.39542,0.34675,0.03981,0.30726,0.10623
0.15734,0.38738,0.23978,0.08041,0.23752,0.26094,0.28099,0.35329,0.01059,0.33081,0.09298
0.12109,0.37617,0.16585,0.08215,0.21484,0.17110,0.24859,0.29845,0.03014,0.28784,0.11051
0.15783,0.50315,0.20513,0.12603,0.29054,0.19211,0.30579,0.33919,0.13679,0.36299,0.19078
0.16067,0.44871,0.15815,0.10059,0.26884,0.14811,0.27271,0.27859,0.13435,0.39166,0.13713
0.15433,0.34527,0.16166,0.11447,0.23524,0.14848,0.26325,0.25080,0.23133,0.36545,0.13673
0.12716,0.29937,0.14671,0.14796,0.18325,0.18043,0.27801,0.24039,0.19414,0.38174,0.17897
0.05527,0.19752,0.08876,0.13977,0.07236,0.13395,0.23896,0.17669,0.17599,0.29652,0.18153
0.06181,0.20349,0.09369,0.15100,0.05599,0.16333,0.28880,0.20815,0.27627,0.35115,0.22412
0.05722,0.16802,0.09291,0.16941,-0.03020,0.15389,0.30044,0.19088,0.32321,0.33213,0.28746
0.04971,0.12813,0.09293,0.19417,-0.05409,0.09172,0.27897,0.15184,0.35249,0.30138,0.32484
0.09051,0.12428,0.19410,0.23572,0.01043,0.14318,0.27235,0.19100,0.29299,0.34546,0.21962
0.04759,0.13798,0.19067,0.18611,-0.05856,0.11254,0.27859,0.15536,0.26242,0.31294,0.13659
0.06038,0.19481,0.25426,0.16359,-0.05664,0.13646,0.32347,0.14775,0.23568,0.30594,0.10031
0.07169,0.16904,0.28255,0.14368,-0.08900,0.16900,0.30485,0.12712,0.15872,0.28648,0.09329
0.03706,0.13119,0.24248,0.10929,-0.15065,0.14911,0.28417,0.08482,0.12061,0.21258,0.03073
-0.00507,0.15564,0.26750,0.13333,-0.19539,0.14840,0.27787,0.07568,0.11223,0.13853,0.05537
-0.02700,0.14774,0.29094,0.12473,-0.24579,0.12957,0.24483,0.06455,0.10692,0.08232,0.10367
-0.06776,0.09114,0.25783,0.05933,-0.26079,0.02615,0.13604,0.00777,0.08311,0.03201,0.03109
-0.00909,0.20159,0.36456,0.10728,-0.13538,0.07739,0.14446,0.08236,0.14230,0.12483,0.06053
-0.01952,0.26448,0.36322,0.05332,-0.12810,0.05686,0.08826,0.03545,0.08172,0.08139,-0.01824
-0.02764,0.27479,0.35823,0.06809,-0.13699,0.01800,0.06598,0.01082,0.07328,0.06237,-0.04718
-0.08458,0.22355,0.26124,0.04165,-0.18692,-0.03739,-0.00025,-0.04784,0.00281,-0.01259,-0.05919
-0.09953,0.16941,0.08983,0.05907,-0.21751,-0.10379,-0.03787,-0.06324,-0.01922,-0.06413,0.04483
-0.04359,0.20185,0.15354,0.12032,-0.11678,-0.05643,-0.02632,0.00814,0.07345,0.01880,0.14058
-0.02335,0.21599,0.17347,0.12963,-0.11915,-0.02565,0.01011,0.03443,0.11340,0.03458,0.13732
-0.02474,0.21649,0.17410,0.12662,-0.08449,-0.03724,0.00287,0.02799,0.14611,-0.02723,0.15888
0.00663,0.20216,0.16706,0.16703,-0.03106,-0.06281,0.00808,0.05251,0.20003,0.02385,0.25395
0.07307,0.17089,0.16374,0.18227,0.03527,-0.06525,0.03367,0.10862,0.24425,0.10610,0.27424
0.11544,0.20424,0.15845,0.18900,0.12107,-0.00068,0.06867,0.14902,0.22008,0.21330,0.20420
0.13976,0.23737,0.16149,0.19796,0.16222,0.07550,0.10591,0.17710,0.23280,0.24966,0.23987
0.06714,0.16826,0.09897,0.11327,0.07902,0.05070,0.06792,0.10925,0.10466,0.19062,0.13707
0.09820,0.08880,0.04463,0.09497,0.07977,0.08705,0.02507,0.13329,0.05981,0.17089,0.15401
0.16102,0.13861,0.08190,0.07745,0.28089,0.20389,0.02712,0.21975,0.07092,0.22737,0.17727
0.29367,0.23026,0.20045,0.10218,0.38037,0.35843,0.10323,0.32841,0.12562,0.39384,0.16276
0.22719,0.25185,0.27832,0.11334,0.32526,0.45513,0.16186,0.32168,0.17581,0.49455,0.12295
0.13330,0.20693,0.20031,0.09169,0.17179,0.37918,0.15654,0.24647,0.08249,0.39202,0.10656
0.10789,0.20119,0.18573,0.08298,0.10163,0.29591,0.09951,0.21344,0.08547,0.37345,0.11644
0.08659,0.23702,0.21704,0.08724,0.05029,0.28929,0.12308,0.24359,0.07022,0.49485,0.11240
0.08443,0.25116,0.24109,0.08887,0.00436,0.35342,0.14836,0.26726,0.07088,0.46135,0.10106
0.07826,0.21273,0.20060,0.02982,0.00281,0.38598,0.12194,0.24291,0.01000,0.41289,0.04332
0.08151,0.20953,0.16132,0.04403,-0.02548,0.33590,0.11003,0.22190,0.04187,0.35711,0.13033
