0.08718,-0.03248,0.11717,0.13625,0.07244,0.11376,0.11432,0.17354,0.15641,-0.36357,0.36260
0.06761,-0.02454,0.10333,0.14108,0.00359,0.03666,0.09264,0.10634,0.13782,-0.38700,0.21721
0.03404,-0.08216,-0.05290,0.14333,-0.10020,-0.06889,0.02942,-0.00553,0.06828,-0.47832,0.08846
0.09742,-0.11671,0.07254,0.11939,-0.06876,-0.02609,0.01767,0.01599,0.10936,-0.25778,0.07143
0.15023,-0.12607,0.16281,0.09743,-0.07477,-0.00619,0.00665,0.00345,0.12445,-0.14049,0.04035
0.14336,-0.08759,0.34227,0.06530,-0.05666,-0.00991,-0.00931,0.02680,0.10164,0.09634,-0.00176
0.07210,-0.11406,0.25534,0.05518,-0.07205,-0.04032,0.04039,0.02528,0.07595,0.05718,0.13768
0.05726,-0.14086,0.20710,0.06151,-0.08217,-0.07276,0.02581,0.02976,0.05623,-0.04872,0.07916
0.08070,-0.08039,0.36076,0.14182,-0.00375,0.04730,0.12058,0.12954,0.10917,0.06693,0.12219
0.09817,-0.11908,0.32355,0.21925,-0.00267,0.05918,0.13920,0.10442,0.14022,-0.00781,0.11374
0.06869,-0.15785,0.19462,0.18095,-0.08518,0.01692,0.02320,0.00290,0.07371,-0.15728,0.06690
0.02985,-0.18222,0.14166,0.16804,-0.10282,-0.03091,-0.07125,-0.00945,0.05541,-0.19820,-0.00956
-0.01563,-0.22823,-0.00382,0.06685,-0.10588,-0.10138,-0.14835,-0.04927,-0.02855,-0.27657,-0.14021
-0.00295,-0.24259,-0.00961,0.06799,-0.11425,-0.08093,-0.10006,-0.04793,-0.05507,-0.25059,-0.09611
0.00799,-0.21186,0.19419,0.05439,-0.07295,-0.04610,-0.09403,0.00680,-0.01184,-0.17046,-0.14389
-0.02348,-0.18325,0.15081,0.02823,-0.09330,-0.07139,-0.09835,-0.02756,-0.07773,-0.20218,-0.17697
-0.03039,-0.13441,0.11171,-0.01905,-0.06474,-0.05385,-0.07660,-0.04342,-0.05289,-0.19458,-0.12042
-0.03865,-0.15718,-0.00007,-0.02955,-0.04506,-0.07093,-0.10890,-0.07792,-0.06127,-0.26744,-0.09721
-0.02849,-0.13382,-0.05341,-0.04599,-0.06412,-0.07825,-0.09142,-0.09596,-0.05811,-0.27620,-0.08795
-0.08771,-0.14646,-0.10529,-0.12250,-0.07851,-0.11132,-0.13012,-0.17079,-0.03363,-0.25892,-0.13405
-0.13500,-0.17516,-0.10622,-0.14994,-0.13861,-0.16379,-0.12757,-0.22182,-0.06470,-0.26645,-0.17536
-0.11981,-0.10728,-0.03702,-0.13570,-0.13086,-0.10818,-0.06903,-0.14971,0.00761,-0.21165,-0.16072
-0.09701,-0.07218,0.00547,-0.10973,-0.08187,-0.07229,0.00920,-0.10286,0.14067,-0.07190,-0.09745
-0.03274,0.04627,0.11244,-0.05214,0.01594,0.03365,0.15705,-0.02005,0.23530,0.10180,0.04266
0.07730,0.14970,0.33475,0.03583,0.13155,0.16775,0.32719,0.07186,0.52470,0.29547,0.18669
0.09264,0.18470,0.45232,-0.00403,0.15615,0.13708,0.19264,0.10962,0.85079,0.35182,0.14162
0.17054,0.22470,0.51250,0.04383,0.23851,0.22616,0.25133,0.20556,0.80613,0.57192,0.26351
0.23822,0.29311,0.63895,0.09218,0.33767,0.31488,0.21631,0.26204,1.52244,0.65260,0.45121
0.22894,0.17675,0.52568,0.11801,0.22514,0.23133,0.17046,0.22154,0.87837,0.39899,0.32062
0.24556,0.20217,0.52688,0.14783,0.28558,0.25734,0.24111,0.26985,0.71508,0.42125,0.28499
0.25113,0.26695,0.63073,0.17089,0.37382,0.30554,0.27730,0.33718,0.83998,0.55665,0.29386
0.33851,0.30857,0.71150,0.29218,0.39002,0.45155,0.36621,0.41074,0.92855,0.57048,0.44021
0.39733,0.25570,0.62653,0.32179,0.35795,0.45013,0.30551,0.37773,0.91487,0.57061,0.43286
0.38421,0.19918,0.51466,0.30255,0.37616,0.32186,0.31307,0.34931,0.76164,0.60782,0.30751
0.25278,0.11562,0.32229,0.25104,0.30329,0.20937,0.22240,0.26076,0.45210,0.34793,0.15757
0.25679,0.08142,0.31445,0.22068,0.28714,0.16394,0.15736,0.25315,0.44072,0.39023,0.10966
0.25953,0.06040,0.23282,0.18968,0.40176,0.12282,0.10127,0.24934,0.35353,0.26546,0.17020
0.22106,0.05179,0.14480,0.18602,0.33756,0.13472,0.10277,0.19265,0.32603,0.22923,0.22571
0.23256,0.06578,0.15378,0.16206,0.39388,0.15164,0.12024,0.20462,0.31837,0.21938,0.19081
0.24354,0.06999,0.11761,0.10749,0.42724,0.10557,0.09673,0.20218,0.32916,0.29501,0.18849
0.26514,0.07623,0.19296,0.13794,0.47035,0.13364,0.12457,0.23617,0.36286,0.52446,0.25862
0.24935,0.07876,0.22769,0.14865,0.37179,0.13937,0.12793,0.21155,0.37269,0.66554,0.22819
0.21696,0.00794,0.16584,0.14960,0.28986,0.08015,0.08348,0.13741,0.26439,0.55627,0.18957
0.23095,0.01656,0.11848,0.10762,0.42078,0.06096,0.08456,0.16556,0.23388,0.74895,0.23386
0.24437,0.02704,0.10646,0.09699,0.47310,0.03915,0.10683,0.22573,0.20060,0.64768,0.22749
0.17541,0.00265,0.03041,0.06968,0.40036,0.02063,0.08361,0.14982,0.24507,0.50286,0.26717
0.20704,0.02343,0.08505,0.09288,0.34854,0.07781,0.12248,0.17563,0.34179,0.53467,0.32970
0.19293,0.01625,0.07004,0.08025,0.40584,0.07697,0.12389,0.12600,0.32445,0.42977,0.33293
0.19470,0.02609,0.14258,0.12247,0.41457,0.12604,0.19959,0.13356,0.38265,0.55636,0.36248
0.19749,0.12261,0.18491,0.13065,0.50747,0.11698,0.22696,0.14896,0.35067,0.65125,0.30461
0.15327,0.18205,0.09027,0.13006,0.50969,0.08767,0.20136,0.11196,0.33353,0.59774,0.33866
0.11269,0.10272,0.05565,0.14066,0.36152,0.10196,0.21225,0.09886,0.22504,0.44276,0.24906
0.10207,0.12838,0.04332,0.11032,0.33785,0.13080,0.21155,0.08126,0.22784,0.38768,0.16657
0.10486,0.10496,0.04304,0.10071,0.37350,0.11842,0.19510,0.09093,0.22678,0.41871,0.18035
0.14956,0.13425,0.04589,0.09454,0.45699,0.13481,0.25043,0.13333,0.33449,0.46950,0.19764
0.13573,0.12513,0.06010,0.08177,0.26535,0.13238,0.25241,0.14183,0.36784,0.29989,0.13011
0.12524,0.15868,0.07227,0.11126,0.20709,0.18289,0.26706,0.16680,0.42317,0.29176,0.11069
0.21133,0.18181,0.12443,0.11259,0.32052,0.23115,0.21553,0.24795,0.41969,0.39420,0.07435
0.21219,0.14233,0.07513,0.12706,0.34579,0.20932,0.12547,0.24359,0.35403,0.33021,0.06635
0.13044,0.11038,0.01768,0.10681,0.18014,0.15668,0.10624,0.18509,0.25517,0.19777,0.05018
0.13669,0.11249,-0.04698,0.11859,0.20538,0.14074,0.10207,0.14993,0.22814,0.11140,0.04745
0.15246,0.12311,-0.05627,0.12384,0.18157,0.17272,0.12382,0.12458,0.28390,0.16419,0.08602
0.17410,0.17504,0.04175,0.14986,0.03967,0.20072,0.13513,0.15174,0.31595,0.20772,0.04692
0.23706,0.25546,0.13775,0.16448,0.14029,0.23951,0.18208,0.23142,0.40881,0.26500,0.14515
0.22185,0.23037,0.10464,0.13187,0.19197,0.18478,0.14468,0.17911,0.35986,0.21222,0.20185
0.21341,0.26453,0.09669,0.13925,0.20926,0.19971,0.13729,0.16282,0.36417,0.16317,0.21809
0.19176,0.26429,0.11624,0.15089,0.08427,0.20961,0.11130,0.16467,0.36730,0.14231,0.18270
0.21584,0.25210,0.16550,0.15264,0.14960,0.21477,0.10722,0.17409,0.40065,0.17350,0.25681
0.21267,0.21878,0.13572,0.11039,0.15135,0.14151,0.06075,0.10727,0.25979,0.17743,0.28484
0.22411,0.23440,0.19129,0.16395,0.17272,0.15479,0.15216,0.09949,0.27949,0.19504,0.39387
0.24310,0.24754,0.29096,0.14881,0.23465,0.18263,0.23188,0.13950,0.25613,0.33832,0.40681
0.38136,0.23964,0.34057,0.15762,0.34453,0.27756,0.21313,0.20472,0.23183,0.51449,0.28456
0.41021,0.23744,0.41391,0.14615,0.30133,0.25032,0.18593,0.26439,0.15645,0.64940,0.23325
0.32074,0.17271,0.40844,0.11989,0.20842,0.14782,0.13642,0.24650,0.06476,0.46428,0.18465
0.38971,0.15205,0.38212,0.11573,0.39311,0.12393,0.14605,0.24623,0.06249,0.42913,0.21051
0.45523,0.13751,0.32085,0.14096,0.40983,0.12172,0.16253,0.22079,0.08945,0.49698,0.20133
0.39323,0.06113,0.17925,0.13152,0.28194,0.03863,0.15606,0.15768,0.01547,0.40121,0.17808
0.44289,0.05017,0.20513,0.14028,0.28151,0.03056,0.15605,0.15284,-0.02830,0.45511,0.17442
0.40593,-0.03520,0.08473,0.08026,0.29484,-0.05747,0.09803,0.06030,-0.14342,0.26289,0.13028
0.37570,-0.05537,0.04906,0.06025,0.24622,-0.06019,0.04666,0.05029,-0.16997,0.13760,0.02475
0.32016,-0.07339,0.03935,0.07856,0.26338,-0.07815,0.02879,0.05164,-0.11370,0.15039,-0.03026
0.35678,-0.06721,0.04477,0.06001,0.26720,-0.06123,-0.00259,0.06072,-0.04787,0.21439,-0.04208
0.34359,-0.03567,-0.01575,0.04174,0.27814,-0.08414,-0.03155,0.02389,0.00090,0.21976,-0.02752
0.32470,-0.08102,-0.06888,0.01633,0.23857,-0.16233,-0.03673,-0.04307,-0.00732,0.14845,0.03525
0.20785,-0.13950,-0.15598,-0.01248,0.10305,-0.20110,-0.02429,-0.12556,-0.02618,0.01167,0.01008
0.19338,-0.09510,-0.07095,0.03788,0.08714,-0.13467,0.02887,-0.05896,0.05457,0.09580,-0.00632
0.06091,-0.14080,-0.12147,0.02178,-0.05200,-0.13550,-0.05565,-0.13027,-0.01088,-0.08883,-0.06571
-0.18608,-0.29949,-0.32835,-0.11499,-0.25962,-0.29489,-0.20502,-0.33961,-0.25870,-0.34033,-0.22773
-0.22055,-0.29642,-0.37079,-0.14746,-0.24211,-0.37553,-0.23492,-0.36371,-0.36961,-0.38591,-0.24280
-0.24607,-0.27507,-0.32472,-0.17287,-0.28591,-0.39996,-0.23429,-0.37059,-0.34982,-0.41420,-0.26941
-0.21734,-0.23355,-0.27087,-0.14365,-0.23817,-0.43951,-0.18545,-0.32590,-0.32524,-0.33592,-0.20891
-0.24730,-0.27129,-0.31141,-0.18341,-0.27605,-0.52303,-0.16255,-0.41898,-0.41409,-0.28281,-0.20598
-0.23264,-0.27616,-0.28428,-0.21962,-0.32872,-0.52872,-0.21746,-0.46909,-0.46258,-0.29156,-0.25531
-0.21087,-0.25597,-0.19930,-0.20391,-0.34101,-0.44751,-0.20545,-0.39815,-0.41294,-0.24361,-0.25317
-0.19746,-0.26609,-0.17601,-0.16822,-0.32808,-0.38497,-0.17752,-0.36656,-0.39317,-0.26951,-0.25383
-0.19975,-0.22919,-0.10799,-0.12290,-0.30894,-0.32349,-0.13399,-0.31447,-0.35376,-0.19982,-0.21448
-0.16849,-0.17381,-0.00290,-0.07515,-0.27768,-0.27957,-0.10983,-0.28709,-0.31980,-0.09627,-0.15647
-0.11035,-0.14367,0.02238,-0.09120,-0.20845,-0.21138,-0.10481,-0.24811,-0.25234,-0.06937,-0.11801
-0.05992,-0.07491,0.08797,-0.05966,-0.13614,-0.18987,-0.03142,-0.14869,-0.19228,0.12571,-0.07417
0.20362,0.15307,0.55255,0.13482,0.16534,0.05780,0.14547,0.11896,0.08836,0.51034,0.11359
0.33228,0.28407,0.95558,0.22857,0.20298,0.29513,0.25321,0.24976,0.47304,0.73195,0.10901
0.35958,0.28684,0.81862,0.23362,0.22804,0.25392,0.28070,0.27482,0.46980,0.79058,0.19486
0.32033,0.26840,0.86983,0.24643,0.23346,0.51898,0.28135,0.33489,0.53374,0.83507,0.14326
0.30822,0.32960,0.96116,0.34198,0.24836,0.81818,0.25878,0.52614,0.75850,0.73654,0.14739
0.31822,0.48987,1.10101,0.45064,0.35854,1.13098,0.46055,0.87087,1.16603,0.85417,0.30648
0.21286,0.42120,0.74745,0.37667,0.31842,0.65654,0.37849,0.63121,0.81572,0.67663,0.25819
0.11206,0.27297,0.54660,0.26939,0.13376,0.28091,0.24619,0.44788,0.63488,0.54287,0.19855
0.07524,0.26662,0.43906,0.22119,0.08605,0.23254,0.18518,0.38583,0.58932,0.42233,0.13399
0.08106,0.25292,0.36072,0.20764,0.11500,0.26836,0.12253,0.39608,0.60087,0.34121,0.14031
0.03409,0.20123,0.27021,0.18766,0.06627,0.02944,0.06913,0.25667,0.41262,0.23249,0.13898
0.04682,0.19331,0.31688,0.18626,0.04208,0.00415,0.07655,0.20937,0.36927,0.23374,0.15942
0.07797,0.22755,0.34803,0.17652,0.04736,0.00493,0.12008,0.26596,0.37448,0.26308,0.17423
0.09244,0.23317,0.36242,0.16513,0.08743,0.03899,0.09953,0.26930,0.34218,0.26878,0.15114
0.10977,0.20196,0.37041,0.17900,0.16903,0.11935,0.07629,0.26575,0.26325,0.27884,0.06681
0.13540,0.27691,0.36735,0.16960,0.20636,0.14635,0.08250,0.28345,0.30656,0.31202,0.10723
0.18650,0.35298,0.40272,0.17291,0.35055,0.20279,0.11215,0.34767,0.38981,0.40241,0.15805
0.13365,0.26341,0.26665,0.13431,0.33223,0.05812,0.08770,0.22024,0.23783,0.25628,0.12765
0.15814,0.23740,0.23301,0.16983,0.29917,-0.00062,0.14888,0.18175,0.22065,0.18267,0.12836
0.31674,0.30718,0.34245,0.25446,0.35419,0.08129,0.27857,0.25512,0.27961,0.25372,0.21614
0.36421,0.27451,0.35815,0.24834,0.36794,0.07490,0.29846,0.25567,0.27133,0.21500,0.20156
0.36619,0.30355,0.46410,0.23460,0.42521,0.08523,0.32823,0.26432,0.29934,0.27744,0.16556
0.17906,0.15842,0.27803,0.17197,0.26049,-0.02527,0.19585,0.06738,0.14460,0.20651,0.09686
0.10341,0.09554,0.22499,0.15552,0.19016,-0.08690,0.18459,0.00519,0.10432,0.16009,0.11173
0.05588,0.07933,0.19449,0.14251,0.15188,-0.08200,0.14385,-0.00181,0.08011,0.13188,0.11328
0.06452,0.05239,0.14287,0.13107,0.13765,-0.09986,0.14378,0.01194,0.10767,0.09518,0.14315
0.01652,0.05496,0.10262,0.14992,0.08474,-0.12096,0.14228,-0.00599,0.12399,0.05287,0.17050
0.06314,0.06580,0.15642,0.16352,0.06377,-0.09664,0.17496,0.02201,0.15347,0.07724,0.15058
0.09189,0.05014,0.17864,0.16996,0.02403,-0.06202,0.19170,0.02807,0.14851,0.15611,0.14654
0.08930,0.08314,0.25306,0.19382,0.01869,0.01298,0.18897,0.04400,0.18178,0.28760,0.15242
0.06507,0.05622,0.23483,0.16248,-0.03365,0.01900,0.15350,0.01589,0.16636,0.29783,0.14011
0.05090,0.06681,0.19848,0.12420,-0.03524,-0.01893,0.09252,-0.00913,0.14928,0.20882,0.11554
0.07320,0.11893,0.21045,0.16297,-0.04729,0.00560,0.10699,0.01735,0.17116,0.24581,0.16856
0.09652,0.13308,0.14511,0.18747,-0.03172,0.01682,0.13713,0.04065,0.19203,0.18143,0.18016
0.25033,0.29528,0.31071,0.24733,0.16040,0.21463,0.27090,0.25175,0.30942,0.35175,0.20895
0.32060,0.35147,0.33808,0.23469,0.23627,0.32792,0.27952,0.28673,0.31580,0.34962,0.14790
0.31602,0.30764,0.28912,0.21100,0.18469,0.32184,0.30256,0.23974,0.30392,0.23694,0.14653
0.24670,0.26773,0.28076,0.17280,0.09082,0.30211,0.26494,0.19921,0.24784,0.16730,0.07807
0.28193,0.26208,0.30050,0.15106,0.09951,0.33571,0.27937,0.19735,0.24990,0.17256,0.07691
0.25915,0.25176,0.30410,0.16250,0.11257,0.32338,0.24824,0.17908,0.23691,0.11339,0.09253
0.18996,0.26303,0.25448,0.19057,0.10822,0.26018,0.24751,0.15435,0.18086,0.00404,0.12595
0.21622,0.27856,0.22569,0.20324,0.10878,0.23701,0.28726,0.19417,0.17895,-0.04062,0.16442
0.19139,0.32022,0.22363,0.23710,0.15029,0.22321,0.34119,0.18985,0.21005,-0.06396,0.22281
0.28933,0.37568,0.30778,0.27200,0.27504,0.41998,0.40233,0.28270,0.23066,0.06620,0.18221
0.27544,0.32462,0.33987,0.23732,0.29602,0.49245,0.39866,0.30552,0.13555,0.09251,0.09269
0.22877,0.34572,0.41787,0.22783,0.25261,0.52022,0.41539,0.32537,0.10063,0.09336,0.10367
0.18876,0.42407,0.39529,0.19406,0.17443,0.46460,0.40090,0.30535,0.02841,0.05966,0.08905
0.18744,0.45893,0.35003,0.17207,0.15866,0.38767,0.38521,0.32535,0.03045,0.04820,0.08953
0.20702,0.50606,0.38286,0.18793,0.18251,0.37124,0.38255,0.35845,0.07080,0.12456,0.09928
0.23679,0.52701,0.43520,0.25988,0.26100,0.44921,0.47427,0.44781,0.06885,0.23018,0.18079
0.19445,0.48344,0.42628,0.23050,0.24386,0.43162,0.45421,0.42567,0.02268,0.24913,0.12563
0.13514,0.42342,0.34021,0.18838,0.18357,0.35811,0.45554,0.37806,0.00090,0.24185,0.11244
0.15071,0.44073,0.30533,0.12252,0.12996,0.30093,0.45502,0.34028,0.03669,0.25457,0.12800
0.18277,0.41997,0.30541,0.11063,0.14904,0.30327,0.41925,0.32928,0.04281,0.27197,0.10425
0.19851,0.33695,0.23447,0.08888,0.22516,0.27623,0.29432,0.34394,0.01610,0.30875,0.09127
0.15847,0.32029,0.15760,0.08550,0.20107,0.18173,0.26003,0.29288,0.03153,0.27367,0.11407
0.19982,0.43149,0.19646,0.13052,0.27982,0.20677,0.31649,0.33383,0.12882,0.35272,0.19635
0.20396,0.38369,0.15077,0.10342,0.25859,0.16038,0.28685,0.27380,0.12391,0.38168,0.14327
0.20594,0.32086,0.15334,0.11607,0.22984,0.15694,0.28718,0.24468,0.21274,0.34867,0.14178
0.17022,0.29039,0.14250,0.15083,0.17873,0.18921,0.30280,0.23051,0.17726,0.36765,0.18312
0.07865,0.18785,0.09431,0.14310,0.06679,0.13942,0.26042,0.16235,0.16434,0.29251,0.18486
0.08264,0.19026,0.10992,0.16088,0.05125,0.16911,0.29182,0.19363,0.25693,0.34208,0.22566
0.07074,0.16159,0.12206,0.18211,-0.02905,0.15772,0.30047,0.17489,0.31030,0.31911,0.28594
0.06284,0.12771,0.13042,0.20899,-0.05631,0.09075,0.27889,0.13435,0.34875,0.29177,0.32088
0.11210,0.13729,0.20842,0.24940,0.00668,0.14457,0.27039,0.17106,0.29197,0.34875,0.21677
0.05698,0.14394,0.20482,0.19563,-0.06012,0.11328,0.27928,0.13502,0.25303,0.31098,0.13525
0.07191,0.18611,0.25331,0.17468,-0.05550,0.13763,0.32658,0.12609,0.21652,0.30225,0.09852
0.08179,0.16291,0.26728,0.15306,-0.08548,0.16989,0.30591,0.10712,0.13834,0.27906,0.08986
