0.00000,0.02578,0.62691,-0.12624,0.36592,-0.22751,-0.10600,0.16860,0.00000,-0.35582,0.00000
0.00000,0.02007,0.46511,-0.05800,0.40767,-0.26239,-0.10950,0.13975,0.00000,-0.35472,0.00000
0.00000,-0.00015,0.13894,-0.05761,0.12231,-0.33060,-0.16290,0.01692,0.00000,-0.48444,0.00000
0.10883,-0.00031,0.26862,0.17331,0.18916,-0.24745,-0.15248,-0.00269,0.00000,-0.37132,0.00000
0.35170,0.00977,0.42205,0.42478,0.21886,-0.18543,-0.07257,-0.01000,0.00000,-0.23334,0.00000
0.40643,0.04107,0.57733,0.35628,0.09732,-0.05821,-0.04060,0.02794,0.00000,0.04910,0.00000
0.12981,0.02871,0.40815,0.11822,-0.10500,-0.09201,-0.02270,0.02393,0.00000,0.00831,0.00000
0.00450,0.00456,0.42552,0.09271,-0.16953,-0.18872,-0.09389,0.02650,0.00000,-0.08318,0.00000
-0.02962,0.01033,0.54262,0.21793,-0.09207,0.00057,0.04299,0.11314,0.00000,0.09368,0.00000
-0.06249,0.00237,0.41251,0.24668,0.06473,-0.00553,0.04175,0.12192,0.00000,0.02024,0.00000
-0.10535,-0.00072,0.26813,0.41117,-0.10691,-0.15698,-0.16566,0.07449,0.00000,-0.21062,0.00000
-0.35001,0.00166,0.14462,0.36520,-0.15514,-0.14292,-0.30694,0.04763,0.00000,-0.26056,0.00000
-0.53388,0.00013,0.02219,0.36710,-0.08151,-0.18248,-0.33939,-0.03940,0.00000,-0.30862,0.00000
-0.51120,-0.00447,-0.01385,0.53661,-0.08615,-0.19666,-0.28783,-0.06219,0.00000,-0.38708,0.00000
-0.50120,0.00941,0.18903,0.51861,0.04903,-0.11684,-0.27568,0.00287,0.00000,-0.30362,0.00000
-0.52404,0.01107,0.22382,0.30125,-0.01856,-0.18950,-0.27194,0.01696,0.00000,-0.33572,0.00000
-0.45377,0.00931,0.17356,0.19358,-0.00519,-0.19080,-0.28921,0.01135,0.00000,-0.29944,0.00000
-0.44402,-0.01132,0.07246,0.17812,0.09245,-0.22096,-0.31612,-0.02007,0.00000,-0.36521,0.00000
-0.42005,-0.01379,0.02180,0.10727,0.08920,-0.22502,-0.27789,-0.03289,0.00000,-0.36536,0.00000
-0.44763,-0.01167,-0.05016,0.02829,0.17122,-0.24205,-0.27032,-0.09095,0.00000,-0.31141,0.00000
-0.48646,-0.01504,-0.09885,-0.13857,0.05751,-0.28903,-0.26167,-0.10825,0.00000,-0.32974,0.00000
-0.48543,-0.00822,-0.05426,-0.01364,-0.00379,-0.20272,-0.14619,-0.05675,0.00000,-0.23018,0.00000
-0.32338,-0.00345,-0.01596,-0.15755,0.04109,-0.07689,-0.00607,-0.01505,0.00000,-0.11259,0.00000
-0.02145,0.00947,0.11352,-0.13666,0.25753,0.11533,0.22786,0.06283,0.00000,0.13031,0.00000
0.43814,0.02529,0.29527,-0.06850,0.30994,0.32733,0.46920,0.20119,0.00000,0.33526,0.00000
0.39495,0.03159,0.41268,-0.30875,0.26094,0.35142,0.28513,0.27066,0.00000,0.59863,0.00000
0.58107,0.04020,0.41870,-0.28024,0.29036,0.39085,0.37498,0.35241,0.00000,0.89525,0.00000
0.58267,0.04807,0.42200,-0.26475,0.37998,0.53110,0.30576,0.46524,0.00000,1.08937,0.00000
0.59733,0.03850,0.29787,-0.24364,0.34769,0.34755,0.23635,0.34265,0.00000,0.60858,0.00000
0.51218,0.04820,0.34351,-0.26330,0.41377,0.39165,0.37163,0.31365,0.00000,0.62411,0.00000
0.64636,0.07852,0.48389,-0.17592,0.51712,0.56025,0.49329,0.34426,0.00000,0.87599,0.00000
0.93923,0.07133,0.65932,-0.09466,0.46060,0.80874,0.59432,0.34134,0.00000,0.92424,0.00000
1.24217,0.06696,0.61210,-0.08820,0.43298,0.75780,0.56755,0.32156,0.00000,0.73682,0.00000
1.25825,0.07023,0.46589,-0.17707,0.52462,0.53085,0.53643,0.31260,0.00000,0.65775,0.00000
0.75773,0.05152,0.26576,-0.15960,0.52848,0.24268,0.38387,0.19181,0.00000,0.40370,0.00000
0.69159,0.03620,0.21450,-0.14971,0.50946,0.09499,0.26246,0.14243,0.00000,0.33879,0.00000
0.67193,0.02805,0.13249,-0.17916,0.73426,0.01282,0.18294,0.10374,0.00000,0.21890,0.00000
0.60613,0.01687,0.04678,-0.05055,0.68258,0.07544,0.16441,0.05416,0.00000,0.13235,0.00000
0.47351,0.00950,0.07794,-0.03867,0.82988,0.05952,0.15978,0.06273,0.00000,0.11007,0.00000
0.60684,-0.00100,0.10702,-0.08202,0.84724,0.01563,0.10104,0.01595,0.00000,0.11091,0.00000
0.71492,0.00640,0.15950,0.04692,0.93807,0.11739,0.11062,0.06620,0.00000,0.16218,0.00000
0.88795,0.02661,0.16549,0.07853,0.76158,0.15685,0.13053,0.11292,0.00000,0.24780,0.00000
0.87422,0.02002,0.10326,0.01407,0.61429,0.02021,0.01917,0.06995,0.00000,0.04914,0.00000
0.80699,0.03441,0.06291,-0.07475,1.00917,-0.00414,-0.01847,0.11990,0.00000,0.10661,0.00000
0.77415,0.02541,0.06555,-0.05872,1.00893,0.00454,-0.14181,0.14664,0.00000,0.12551,0.00000
0.68685,-0.00087,0.01202,-0.05600,0.79484,-0.01026,-0.15559,0.07590,0.00000,0.04143,0.00000
0.79220,0.00485,0.06530,-0.00723,0.67849,0.08491,-0.07580,0.13014,0.00000,0.13297,0.00000
0.82083,0.00792,0.06400,0.03804,0.82181,0.13634,-0.06630,0.07961,0.00000,0.16015,0.00000
0.77459,0.01348,0.11775,0.12765,0.98836,0.26651,0.10258,0.10709,0.00000,0.28791,0.00000
0.81061,0.34128,0.14441,0.17897,1.11315,0.24836,0.15578,0.12537,0.00000,0.38456,0.00000
0.76127,0.73553,0.08619,0.11213,1.08268,0.24330,0.12390,0.09201,0.00000,0.29369,0.00000
0.52541,0.47785,0.02495,0.16664,1.07058,0.26167,0.13421,0.10693,0.00000,0.22719,0.00000
0.58151,0.57770,0.01252,0.02984,0.86401,0.22806,0.15472,0.08144,0.00000,0.17081,0.00000
0.49323,0.56531,0.00247,0.06951,0.95681,0.19346,0.09144,0.10425,0.00000,0.15426,0.00000
0.51044,0.57735,0.00611,0.08552,1.20631,0.26792,0.19581,0.19965,0.00000,0.31228,0.00000
0.48453,0.38819,0.01110,0.11380,0.69262,0.32422,0.23818,0.20413,0.00000,0.26330,0.00000
0.39864,0.42710,0.02537,0.21616,0.58174,0.42317,0.48883,0.22598,0.00000,0.34970,0.00000
0.44349,0.47960,0.05804,0.20507,0.77789,0.52230,0.40097,0.26771,0.00000,0.49490,0.00000
0.45030,0.25738,0.03692,0.26508,0.73695,0.43021,0.30961,0.21157,0.00000,0.31647,0.00000
0.25363,0.14698,-0.00236,0.13641,0.28014,0.27751,0.27618,0.17014,0.00000,0.13803,0.00000
0.33395,0.14141,-0.01916,0.09053,0.21762,0.18960,0.20329,0.18342,0.00000,0.07168,0.00000
0.44086,0.13321,-0.01455,0.12961,0.27702,0.20194,0.20519,0.15535,0.00000,0.16643,0.00000
0.51137,0.13585,0.05994,0.28172,0.01776,0.21040,0.18384,0.16187,0.00000,0.22620,0.00000
0.53830,0.16974,0.13697,0.33239,0.02948,0.20690,0.30990,0.25002,0.00000,0.29862,0.00000
0.33899,0.10191,0.12133,0.29172,0.25133,0.15073,0.25283,0.17324,0.00000,0.23583,0.00000
0.31304,0.06645,0.12070,0.25095,0.27657,0.13018,0.20169,0.12557,0.00000,0.20822,0.00000
0.32538,0.04856,0.14973,0.28768,0.09698,0.13817,0.13080,0.11083,0.00000,0.10829,0.00000
0.32969,0.12273,0.12657,0.31531,0.32767,0.12290,0.11613,0.15230,0.00000,0.09833,0.00000
0.28586,0.12536,0.08441,0.25187,0.37103,0.03582,-0.01791,0.03054,0.00000,0.03608,0.00000
0.38136,0.07301,0.10792,0.25171,0.35387,0.03010,0.05681,0.00589,0.00000,0.01994,0.00000
0.43471,0.12401,0.16475,0.17902,0.49808,0.07204,0.08405,0.00970,0.00000,0.13700,0.00000
0.63965,0.16338,0.20483,0.19835,0.79946,0.19831,0.10694,0.06796,0.00000,0.27592,0.00000
0.60603,0.16125,0.20430,0.16504,0.50037,0.18567,0.11373,0.11078,0.00000,0.38899,0.00000
0.44872,0.16723,0.19411,0.00715,0.18619,0.04621,0.12720,0.13123,0.00000,0.23855,0.00000
0.64872,0.16742,0.14531,-0.00987,0.43680,0.01734,0.18253,0.11613,0.00000,0.22317,0.00000
1.00287,0.20996,0.13067,0.01586,0.48949,0.03390,0.20864,0.08240,0.00000,0.21460,0.00000
1.04568,0.17604,0.04131,-0.01216,0.30176,-0.03230,0.12059,-0.03005,0.00000,0.13507,0.00000
1.15472,0.21659,0.06098,-0.07764,0.26112,-0.03814,0.15327,-0.06001,0.00000,0.11708,0.00000
1.16779,0.11128,-0.02836,-0.17736,0.40828,-0.10403,0.11895,-0.15481,0.00000,0.00924,0.00000
1.12504,0.03168,-0.01057,-0.22777,0.42325,-0.11691,0.10322,-0.15112,0.00000,-0.02679,0.00000
1.05554,-0.01839,-0.01840,-0.24348,0.52982,-0.13181,0.13814,-0.18138,0.00000,-0.05534,0.00000
1.09852,0.02137,-0.02655,-0.24863,0.67048,-0.11962,0.13171,-0.17680,0.00000,-0.04219,0.00000
1.02073,0.09511,-0.06168,-0.31880,0.71677,-0.11635,0.14287,-0.24465,0.00000,-0.00734,0.00000
1.11791,0.02755,-0.10610,-0.35077,0.77106,-0.19365,0.09349,-0.31443,0.00000,-0.05417,0.00000
0.76758,-0.03027,-0.14659,-0.39994,0.59973,-0.21910,0.12050,-0.37317,0.00000,-0.19776,0.00000
0.72437,-0.03434,-0.08613,-0.27473,0.48952,-0.14392,0.09384,-0.27238,0.00000,-0.13939,0.00000
0.41462,-0.11414,-0.11443,-0.27055,0.23757,-0.14183,-0.02721,-0.29289,0.00000,-0.27243,0.00000
-0.08329,-0.24555,-0.25325,-0.47815,-0.14008,-0.30042,-0.24308,-0.44921,0.00000,-0.46242,0.00000
-0.15207,-0.29972,-0.32648,-0.53234,-0.08353,-0.35585,-0.26574,-0.43537,0.00000,-0.50637,0.00000
-0.31673,-0.31386,-0.33252,-0.53843,-0.21549,-0.36717,-0.24312,-0.40476,0.00000,-0.51908,0.00000
-0.30399,-0.26508,-0.30753,-0.58457,-0.19240,-0.35744,-0.18508,-0.31917,0.00000,-0.43794,0.00000
-0.30694,-0.19390,-0.32130,-0.67112,-0.30646,-0.40858,-0.17342,-0.49468,0.00000,-0.44370,0.00000
-0.26361,-0.17172,-0.28492,-0.72753,-0.39107,-0.39308,-0.22409,-0.53806,0.00000,-0.41398,0.00000
-0.32805,-0.16602,-0.22640,-0.62998,-0.41051,-0.31137,-0.23006,-0.40927,0.00000,-0.33790,0.00000
-0.27330,-0.18901,-0.19601,-0.43039,-0.35085,-0.33454,-0.22797,-0.35790,0.00000,-0.36135,0.00000
-0.39164,-0.15445,-0.14455,-0.38258,-0.37427,-0.29002,-0.18673,-0.27340,0.00000,-0.28395,0.00000
-0.33039,-0.11519,-0.06553,-0.27350,-0.24790,-0.25574,-0.22042,-0.23816,0.00000,-0.12548,0.00000
-0.25272,-0.07466,-0.05758,-0.21362,-0.08142,-0.20804,-0.18343,-0.27824,0.00000,-0.06106,0.00000
-0.24772,0.00706,0.02358,-0.16618,0.06352,-0.16420,-0.11062,-0.16600,0.00000,0.12473,0.00000
-0.07043,0.19831,0.32942,0.10501,0.52242,0.06603,0.06213,0.07078,0.00000,0.51055,0.00000
-0.01730,0.39299,0.69545,0.24670,0.44534,0.26842,0.12662,0.04399,0.00000,0.81186,0.00000
0.14930,0.44089,0.70349,0.38980,0.63918,0.34663,0.12540,0.17131,0.00000,1.05225,0.00000
0.05407,0.37037,0.75558,0.67053,0.62873,0.48858,0.12925,0.24012,0.00000,0.92964,0.00000
-0.02270,0.24135,0.90941,1.00217,0.59420,0.53975,0.13759,0.65421,0.00000,0.91492,0.00000
-0.08321,0.32367,1.00307,1.64897,0.63355,0.70287,0.36999,1.34990,0.00000,1.04746,0.00000
-0.16764,0.21655,0.71169,1.16433,0.36436,0.32589,0.34309,0.92678,0.00000,0.70811,0.00000
-0.34503,0.09841,0.48019,0.52500,0.01080,0.12883,0.20237,0.85997,0.00000,0.49420,0.00000
-0.37662,0.04993,0.39936,0.53227,0.06289,0.05989,0.14292,1.11778,0.00000,0.33645,0.00000
-0.29874,0.03142,0.29748,0.37341,-0.00644,0.04613,0.14315,1.11974,0.00000,0.24613,0.00000
-0.29501,0.01103,0.20514,0.17714,-0.12608,-0.05429,0.11042,0.61396,0.00000,0.09824,0.00000
-0.29845,0.00767,0.18727,0.14092,-0.19748,-0.10661,0.11364,0.41351,0.00000,0.07741,0.00000
-0.25150,0.03021,0.25193,0.22141,-0.21238,-0.07357,0.18185,0.63319,0.00000,0.11762,0.00000
-0.17861,0.02515,0.33278,0.20355,-0.13805,-0.02563,0.21625,0.79755,0.00000,0.16172,0.00000
-0.20677,-0.00529,0.31375,0.20608,-0.13118,-0.01937,0.21582,0.40172,0.00000,0.12630,0.00000
-0.09350,0.03707,0.31936,0.24215,-0.10924,0.01489,0.18851,0.32116,0.00000,0.22361,0.00000
-0.00137,0.08561,0.35115,0.45074,0.00822,0.10768,0.20608,0.24577,0.00000,0.32299,0.00000
-0.01293,0.02665,0.17973,0.27500,0.14786,0.00609,0.11659,0.08160,0.00000,0.16372,0.00000
0.05705,0.01175,0.12486,0.14779,0.26869,-0.00859,0.18573,0.02558,0.00000,0.11209,0.00000
0.23062,0.06722,0.20827,0.12223,0.47961,0.10022,0.39273,0.13802,0.00000,0.21046,0.00000
0.40815,0.06982,0.20833,-0.04011,0.51168,0.10407,0.39722,0.09749,0.00000,0.16513,0.00000
0.39168,0.14200,0.33451,0.01535,0.85606,0.13432,0.39716,0.09989,0.00000,0.15004,0.00000
0.22000,0.08914,0.16282,-0.15160,0.95250,0.00881,0.22895,-0.09304,0.00000,0.04157,0.00000
0.25104,0.05610,0.08928,-0.25267,1.00634,-0.04209,0.21294,-0.16460,0.00000,-0.01080,0.00000
0.32354,0.01730,0.06023,-0.26651,0.88789,-0.08460,0.18646,-0.23171,0.00000,-0.02112,0.00000
0.20021,0.03542,-0.01630,-0.09476,0.98104,-0.12085,0.17507,-0.25973,0.00000,-0.06054,0.00000
0.10619,0.05022,-0.03384,-0.11913,0.75894,-0.14066,0.15335,-0.22315,0.00000,-0.13134,0.00000
0.11500,0.01491,-0.01909,-0.03311,0.48998,-0.11825,0.20073,-0.17397,0.00000,-0.15442,0.00000
0.10117,-0.00886,0.01078,-0.02631,0.40133,-0.07823,0.22889,-0.07603,0.00000,-0.12797,0.00000
0.15500,0.02799,0.08972,-0.03840,0.21235,0.01893,0.22581,-0.11390,0.00000,-0.05670,0.00000
0.15739,0.03568,0.06011,-0.06561,0.02345,-0.00536,0.15391,-0.10680,0.00000,-0.07932,0.00000
0.11750,0.03502,0.02500,0.03270,0.09577,-0.05180,0.09382,-0.12956,0.00000,-0.13473,0.00000
0.17792,0.02761,0.05402,0.22596,0.00853,-0.03120,0.10453,-0.06019,0.00000,-0.10497,0.00000
0.15918,-0.02191,0.03256,0.19112,0.02040,-0.03721,0.14203,0.01098,0.00000,-0.08593,0.00000
0.30033,0.08104,0.17632,0.35216,0.09001,0.14298,0.28419,0.16567,0.00000,0.10549,0.00000
0.38073,0.13437,0.20976,0.55502,0.17685,0.23519,0.30781,0.19245,0.00000,0.09244,0.00000
0.25641,0.10768,0.15970,0.57332,0.19955,0.25012,0.32292,0.19446,0.00000,0.00347,0.00000
0.24590,0.03353,0.16754,0.39862,0.08868,0.26665,0.32033,0.25599,0.00000,-0.01662,0.00000
0.32454,0.03823,0.20203,0.45099,0.16337,0.31234,0.34000,0.24360,0.00000,0.07522,0.00000
0.29656,0.07643,0.23241,0.34896,0.33526,0.33291,0.30785,0.29029,0.00000,0.06858,0.00000
0.29358,0.13791,0.19475,0.29104,0.43374,0.28886,0.29839,0.17573,0.00000,0.01824,0.00000
0.32129,0.15295,0.13940,0.41325,0.70121,0.22152,0.38781,0.37018,0.00000,0.04162,0.00000
0.36935,0.14216,0.18387,0.51357,0.86921,0.18252,0.46630,0.35893,0.00000,0.08130,0.00000
0.47964,0.24502,0.39446,0.52931,0.76203,0.37274,0.49229,0.44025,0.00000,0.26637,0.00000
0.32842,0.30690,0.46243,0.50728,0.82695,0.50920,0.44462,0.42721,0.00000,0.36974,0.00000
0.21900,0.32347,0.56828,0.54246,0.62288,0.58799,0.43323,0.45882,0.00000,0.42798,0.00000
0.12510,0.23700,0.68312,0.55727,0.62546,0.52741,0.45408,0.52602,0.00000,0.37058,0.00000
0.18183,0.18930,0.73468,0.45630,0.55721,0.49502,0.46691,0.56712,0.00000,0.41462,0.00000
0.20829,0.21171,0.74295,0.45261,0.44034,0.51905,0.43968,0.65735,0.00000,0.53042,0.00000
0.25997,0.30868,0.57303,0.45031,0.30784,0.60653,0.49507,0.82663,0.00000,0.56824,0.00000
0.25240,0.28846,0.56299,0.46125,0.40396,0.61912,0.49911,0.72552,0.00000,0.51452,0.00000
0.12347,0.29474,0.57550,0.42066,0.42429,0.54430,0.53240,0.66311,0.00000,0.46614,0.00000
0.09930,0.27459,0.69044,0.34619,0.33008,0.48257,0.58924,0.66873,0.00000,0.48335,0.00000
0.11148,0.24786,0.77214,0.23232,0.07638,0.51713,0.49988,0.63502,0.00000,0.44546,0.00000
0.08777,0.21366,0.53986,0.17495,0.14017,0.48261,0.31290,0.63173,0.00000,0.38528,0.00000
0.11360,0.14867,0.27970,0.09242,0.11943,0.33956,0.25262,0.55997,0.00000,0.27350,0.00000
0.21161,0.17741,0.28188,0.18604,0.07906,0.30816,0.36465,0.69072,0.00000,0.33192,0.00000
0.20231,0.17767,0.20724,0.19696,-0.00765,0.24798,0.31765,0.62781,0.00000,0.30994,0.00000
0.22758,0.17538,0.19947,0.30084,-0.06445,0.25484,0.29885,0.67494,0.00000,0.27618,0.00000
0.11362,0.17962,0.20101,0.30713,-0.08378,0.26108,0.26008,0.65993,0.00000,0.25107,0.00000
0.06353,0.11693,0.15624,0.22481,-0.12554,0.17668,0.24495,0.46311,0.00000,0.15938,0.00000
0.09447,0.08893,0.22675,0.20570,-0.04016,0.21084,0.31045,0.51476,0.00000,0.24310,0.00000
0.07800,0.07039,0.23639,0.19370,-0.18938,0.18491,0.31352,0.58048,0.00000,0.22522,0.00000
0.08007,0.04161,0.21700,0.21492,-0.29167,0.09459,0.27159,0.47198,0.00000,0.15285,0.00000
0.13792,0.04337,0.18637,0.27493,-0.29399,0.14780,0.25377,0.46939,0.00000,0.14399,0.00000
0.04674,0.05344,0.18183,0.31502,-0.25492,0.12775,0.29799,0.41735,0.00000,0.10791,0.00000
0.06558,0.09015,0.25246,0.35810,-0.20489,0.19555,0.37549,0.40033,0.00000,0.13008,0.00000
0.03033,0.07199,0.26312,0.38837,-0.16324,0.25546,0.35947,0.34268,0.00000,0.15476,0.00000
-0.06534,0.02893,0.25700,0.35319,-0.18173,0.25787,0.33132,0.18809,0.00000,0.06794,0.00000
-0.09764,0.10190,0.27491,0.34802,-0.26438,0.23165,0.35133,0.16480,0.00000,-0.00805,0.00000
-0.12535,0.18877,0.22881,0.30608,-0.35278,0.19514,0.25350,0.15179,0.00000,-0.01832,0.00000
-0.19595,0.13729,0.16246,0.23054,-0.39407,0.08205,0.17367,0.09360,0.00000,-0.07468,0.00000
-0.17142,0.28473,0.18838,0.27003,-0.37730,0.16091,0.13180,0.17796,0.00000,0.05744,0.00000
-0.18188,0.38098,0.10554,0.27550,-0.46149,0.16104,0.08116,0.07671,0.00000,0.01789,0.00000
-0.17657,0.44378,0.08209,0.24537,-0.54077,0.12440,0.05850,-0.01167,0.00000,0.01107,0.00000
-0.20811,0.40387,-0.01236,0.05031,-0.47542,0.03808,-0.05687,-0.11516,0.00000,-0.05419,0.00000
-0.25178,0.29303,-0.09519,-0.04061,-0.40539,-0.08742,-0.17189,-0.15077,0.00000,-0.11091,0.00000
-0.21183,0.29574,0.00289,0.09309,-0.35944,-0.03809,-0.17973,-0.07067,0.00000,-0.01671,0.00000
-0.21471,0.34519,0.03848,0.14586,-0.37741,-0.00874,-0.12283,-0.03415,0.00000,0.01105,0.00000
-0.14326,0.30846,-0.01402,0.21884,-0.38092,-0.02545,-0.12045,-0.06887,0.00000,0.01095,0.00000
-0.01555,0.30205,-0.05024,0.19372,-0.29265,-0.06070,-0.14527,-0.04516,0.00000,0.09896,0.00000
0.00935,0.20029,-0.03415,0.19166,-0.18230,-0.08025,-0.09551,-0.02063,0.00000,0.22821,0.00000
0.08612,0.21192,0.04766,0.28964,-0.03295,0.00179,-0.01041,-0.02877,0.00000,0.33968,0.00000
0.20511,0.24262,0.11026,0.27325,0.07307,0.09298,0.02681,0.04118,0.00000,0.39624,0.00000
0.15420,0.17368,0.05659,0.23220,0.02158,0.08369,0.02360,0.04549,0.00000,0.31763,0.00000
0.07996,0.04706,0.00872,0.09983,0.05674,0.09085,-0.02134,0.10982,0.00000,0.31928,0.00000
0.10713,0.05675,0.02554,0.03990,0.49969,0.20371,-0.04286,0.23357,0.00000,0.41508,0.00000
0.21483,0.13851,0.22038,0.23877,0.28187,0.42276,0.10920,0.36074,0.00000,0.64785,0.00000
0.24635,0.19199,0.37947,0.30351,0.14409,0.52861,0.24718,0.39643,0.00000,0.75585,0.00000
0.30384,0.16485,0.23449,0.16358,0.02922,0.40968,0.23037,0.23291,0.00000,0.59846,0.00000
0.30694,0.16838,0.21472,0.07492,-0.03586,0.32720,0.13384,0.21143,0.00000,0.57223,0.00000
0.19795,0.32771,0.32136,0.09328,-0.13210,0.31135,0.16935,0.33891,0.00000,0.68101,0.00000
0.12565,0.35803,0.44006,0.12691,-0.22213,0.39724,0.20853,0.45203,0.00000,0.63987,0.00000
0.14877,0.29668,0.41418,0.09863,-0.16191,0.46759,0.14589,0.43459,0.00000,0.58499,0.00000
0.12722,0.19922,0.41451,-0.06331,-0.19576,0.38978,0.09880,0.34705,0.00000,0.45566,0.00000
0.15746,0.20538,0.44611,-0.14422,-0.13871,0.36470,0.16515,0.31139,0.00000,0.48541,0.00000
0.20651,0.24546,0.47352,-0.17171,-0.06243,0.42200,0.25201,0.32027,0.00000,0.56754,0.00000
0.20352,0.33640,0.47383,-0.35935,0.09643,0.33801,0.22122,0.16870,0.00000,0.62085,0.00000
