0.00000,0.02924,0.70100,-0.12624,0.34573,-0.25785,-0.09608,0.16245,0.00000,-0.35677,0.00000
0.00000,0.02282,0.52053,-0.05800,0.38393,-0.29819,-0.10106,0.13244,0.00000,-0.35809,0.00000
0.00000,-0.00034,0.17497,-0.05761,0.10662,-0.36949,-0.14381,0.02319,0.00000,-0.49297,0.00000
0.10883,-0.00049,0.32877,0.17331,0.17226,-0.28464,-0.14980,0.00485,0.00000,-0.37410,0.00000
0.35170,0.01134,0.49559,0.42478,0.20289,-0.22179,-0.05821,-0.00385,0.00000,-0.23002,0.00000
0.40643,0.04701,0.66529,0.35628,0.09300,-0.10083,-0.01104,0.03290,0.00000,0.07866,0.00000
0.12981,0.03309,0.47505,0.11822,-0.10624,-0.12873,-0.00731,0.02688,0.00000,0.03482,0.00000
0.00450,0.00515,0.49640,0.09271,-0.16157,-0.21728,-0.08034,0.03027,0.00000,-0.07249,0.00000
-0.02962,0.01157,0.61068,0.21793,-0.08657,-0.02122,0.04420,0.11192,0.00000,0.10476,0.00000
-0.06249,0.00244,0.46093,0.24668,0.06865,-0.03066,0.03640,0.11726,0.00000,0.02866,0.00000
-0.10535,-0.00080,0.29916,0.41117,-0.10560,-0.18499,-0.18162,0.07394,0.00000,-0.20761,0.00000
-0.35001,0.00198,0.16077,0.36520,-0.15356,-0.16501,-0.31504,0.04841,0.00000,-0.26399,0.00000
-0.53388,0.00033,0.03045,0.36710,-0.08553,-0.20613,-0.33250,-0.03792,0.00000,-0.32227,0.00000
-0.51120,-0.00498,-0.01232,0.53661,-0.09414,-0.21941,-0.27750,-0.05674,0.00000,-0.40236,0.00000
-0.50120,0.01079,0.19381,0.51861,0.03726,-0.12865,-0.26840,0.00407,0.00000,-0.31870,0.00000
-0.52404,0.01264,0.21845,0.30125,-0.03134,-0.20644,-0.24707,0.01465,0.00000,-0.35244,0.00000
-0.45377,0.01066,0.16626,0.19358,-0.01361,-0.20798,-0.26278,0.00594,0.00000,-0.31177,0.00000
-0.44402,-0.01283,0.06647,0.17812,0.07854,-0.23620,-0.28950,-0.02299,0.00000,-0.37605,0.00000
-0.42005,-0.01569,0.01583,0.10727,0.07110,-0.23989,-0.24916,-0.03626,0.00000,-0.37459,0.00000
-0.44763,-0.01286,-0.06062,0.02829,0.14522,-0.26546,-0.24627,-0.09199,0.00000,-0.31346,0.00000
-0.48646,-0.01662,-0.11104,-0.13857,0.04040,-0.31617,-0.23374,-0.10527,0.00000,-0.33144,0.00000
-0.48543,-0.00900,-0.06583,-0.01364,-0.01768,-0.22017,-0.11461,-0.05582,0.00000,-0.23277,0.00000
-0.32338,-0.00379,-0.02566,-0.15755,0.03237,-0.09551,0.03116,-0.01598,0.00000,-0.11027,0.00000
-0.02145,0.01065,0.10995,-0.13666,0.24437,0.09480,0.26750,0.05902,0.00000,0.15429,0.00000
0.43814,0.02885,0.29968,-0.06850,0.30360,0.31266,0.44356,0.19350,0.00000,0.37565,0.00000
0.39495,0.03544,0.42323,-0.30875,0.26418,0.34040,0.30840,0.25697,0.00000,0.66916,0.00000
0.58107,0.04440,0.42373,-0.28024,0.29510,0.38815,0.38870,0.33289,0.00000,0.97028,0.00000
0.58267,0.04979,0.42800,-0.26475,0.39005,0.53993,0.27530,0.43922,0.00000,1.17541,0.00000
0.59733,0.03995,0.30360,-0.24364,0.35346,0.34098,0.19824,0.32473,0.00000,0.65619,0.00000
0.51218,0.05151,0.34719,-0.26330,0.42474,0.37007,0.31103,0.29029,0.00000,0.67109,0.00000
0.64636,0.08546,0.49081,-0.17592,0.53299,0.54070,0.43373,0.31464,0.00000,0.92947,0.00000
0.93923,0.07767,0.67791,-0.09466,0.48346,0.80083,0.54277,0.31567,0.00000,0.96697,0.00000
1.24217,0.07442,0.63211,-0.08820,0.45866,0.75809,0.52026,0.29257,0.00000,0.76684,0.00000
1.25825,0.07896,0.47388,-0.17707,0.54181,0.52290,0.48519,0.28184,0.00000,0.68987,0.00000
0.75773,0.05801,0.26627,-0.15960,0.52648,0.23620,0.32391,0.17190,0.00000,0.42857,0.00000
0.69159,0.04024,0.20911,-0.14971,0.50944,0.08252,0.19053,0.12945,0.00000,0.36017,0.00000
0.67193,0.03158,0.12497,-0.17916,0.73154,-0.00318,0.11867,0.09012,0.00000,0.23491,0.00000
0.60613,0.01945,0.03938,-0.05055,0.68041,0.06047,0.12404,0.04364,0.00000,0.14380,0.00000
0.47351,0.01130,0.07145,-0.03867,0.82667,0.04020,0.13548,0.04908,0.00000,0.12398,0.00000
0.60684,-0.00041,0.10346,-0.08202,0.84603,-0.01128,0.09615,0.01091,0.00000,0.12570,0.00000
0.71492,0.00842,0.15846,0.04692,0.94019,0.09890,0.09803,0.05897,0.00000,0.17219,0.00000
0.88795,0.03199,0.16570,0.07853,0.76240,0.15221,0.12298,0.10509,0.00000,0.25301,0.00000
0.87422,0.02455,0.10354,0.01407,0.61398,0.01109,0.02300,0.06627,0.00000,0.05286,0.00000
0.80699,0.04103,0.06298,-0.07475,1.00019,-0.01407,-0.01215,0.11072,0.00000,0.11720,0.00000
0.77415,0.03055,0.06797,-0.05872,0.99190,-0.00157,-0.12771,0.13561,0.00000,0.13912,0.00000
0.68685,0.00022,0.01439,-0.05600,0.78738,-0.01382,-0.12984,0.06858,0.00000,0.04970,0.00000
0.79220,0.00668,0.07116,-0.00723,0.69154,0.09171,-0.04272,0.11631,0.00000,0.14222,0.00000
0.82083,0.01013,0.07232,0.03804,0.83819,0.14825,-0.04104,0.06746,0.00000,0.17054,0.00000
0.77459,0.01630,0.12995,0.12765,1.00956,0.29288,0.12381,0.09597,0.00000,0.30610,0.00000
0.81061,0.34190,0.15717,0.17897,1.12720,0.27638,0.16083,0.11241,0.00000,0.41322,0.00000
0.76127,0.73364,0.09834,0.11213,1.08635,0.27216,0.12697,0.08390,0.00000,0.31882,0.00000
0.52541,0.47612,0.03090,0.16664,1.07491,0.29436,0.14589,0.09404,0.00000,0.25046,0.00000
0.58151,0.57537,0.01575,0.02984,0.87979,0.25496,0.17587,0.07219,0.00000,0.18769,0.00000
0.49323,0.55982,0.00539,0.06951,0.97103,0.20765,0.10165,0.09243,0.00000,0.17234,0.00000
0.51044,0.57168,0.01018,0.08552,1.22968,0.28089,0.17416,0.18325,0.00000,0.33872,0.00000
0.48453,0.38266,0.01353,0.11380,0.72027,0.34135,0.21000,0.18949,0.00000,0.28697,0.00000
0.39864,0.42162,0.02955,0.21616,0.61273,0.44634,0.44686,0.21027,0.00000,0.38113,0.00000
0.44349,0.47661,0.06378,0.20507,0.81234,0.54742,0.34876,0.24901,0.00000,0.53037,0.00000
0.45030,0.25353,0.04240,0.26508,0.76785,0.45003,0.24615,0.19580,0.00000,0.33900,0.00000
0.25363,0.14259,0.00149,0.13641,0.30241,0.29049,0.24976,0.15892,0.00000,0.14678,0.00000
0.33395,0.13745,-0.01555,0.09053,0.23559,0.19262,0.17575,0.17224,0.00000,0.08124,0.00000
0.44086,0.13098,-0.01016,0.12961,0.29142,0.20528,0.17687,0.14548,0.00000,0.17863,0.00000
0.51137,0.13486,0.06590,0.28172,0.03758,0.21727,0.15414,0.14889,0.00000,0.23989,0.00000
0.53830,0.16985,0.14784,0.33239,0.04825,0.21792,0.26350,0.23838,0.00000,0.31952,0.00000
0.33899,0.10181,0.13190,0.29172,0.25552,0.16054,0.20625,0.16394,0.00000,0.25941,0.00000
0.31304,0.06654,0.13397,0.25095,0.27745,0.14729,0.17435,0.11980,0.00000,0.22903,0.00000
0.32538,0.04804,0.16528,0.28768,0.09233,0.15618,0.13890,0.10585,0.00000,0.12118,0.00000
0.32969,0.12218,0.13968,0.31531,0.31456,0.14106,0.13326,0.14618,0.00000,0.11128,0.00000
0.28586,0.12491,0.09240,0.25187,0.35923,0.04564,0.00333,0.02500,0.00000,0.04300,0.00000
0.38136,0.07304,0.11395,0.25171,0.34297,0.04184,0.08891,-0.00164,0.00000,0.02811,0.00000
0.43471,0.12581,0.16796,0.17902,0.47894,0.08645,0.12574,0.00053,0.00000,0.15075,0.00000
0.63965,0.16595,0.20801,0.19835,0.78414,0.21068,0.14632,0.06065,0.00000,0.30269,0.00000
0.60603,0.16322,0.20520,0.16504,0.49979,0.20223,0.15395,0.10945,0.00000,0.42134,0.00000
0.44872,0.16792,0.18684,0.00715,0.19682,0.06263,0.15625,0.13231,0.00000,0.26962,0.00000
0.64872,0.16753,0.13347,-0.00987,0.45131,0.03734,0.21320,0.12054,0.00000,0.25317,0.00000
1.00287,0.21040,0.11626,0.01586,0.50218,0.06305,0.24433,0.08763,0.00000,0.24773,0.00000
1.04568,0.17535,0.03078,-0.01216,0.31249,0.00249,0.16243,-0.02740,0.00000,0.16196,0.00000
1.15472,0.21684,0.04770,-0.07764,0.27561,-0.00064,0.18526,-0.05973,0.00000,0.13811,0.00000
1.16779,0.11091,-0.04399,-0.17736,0.41784,-0.07225,0.15066,-0.15304,0.00000,0.01844,0.00000
1.12504,0.03041,-0.02207,-0.22777,0.42577,-0.09562,0.14349,-0.14846,0.00000,-0.02189,0.00000
1.05554,-0.01972,-0.02953,-0.24348,0.52426,-0.11055,0.17678,-0.17901,0.00000,-0.04883,0.00000
1.09852,0.02039,-0.03546,-0.24863,0.66218,-0.09901,0.16756,-0.17305,0.00000,-0.03657,0.00000
1.02073,0.09453,-0.06659,-0.31880,0.71187,-0.09305,0.16734,-0.24142,0.00000,0.00445,0.00000
1.11791,0.02625,-0.11211,-0.35077,0.75605,-0.16111,0.10384,-0.30987,0.00000,-0.04349,0.00000
0.76758,-0.03187,-0.15341,-0.39994,0.58728,-0.18043,0.12479,-0.36961,0.00000,-0.19734,0.00000
0.72437,-0.03651,-0.08971,-0.27473,0.48362,-0.09965,0.10836,-0.26467,0.00000,-0.14088,0.00000
0.41462,-0.11719,-0.11500,-0.27055,0.23085,-0.10245,-0.01295,-0.28953,0.00000,-0.27952,0.00000
-0.08329,-0.25125,-0.25762,-0.47815,-0.14101,-0.27248,-0.22669,-0.44686,0.00000,-0.47890,0.00000
-0.15207,-0.30629,-0.33087,-0.53234,-0.08631,-0.33846,-0.24716,-0.43468,0.00000,-0.52433,0.00000
-0.31673,-0.32143,-0.33719,-0.53843,-0.21912,-0.35570,-0.22371,-0.40448,0.00000,-0.53522,0.00000
-0.30399,-0.27277,-0.31166,-0.58457,-0.19242,-0.34428,-0.16989,-0.31896,0.00000,-0.45293,0.00000
-0.30694,-0.20176,-0.32791,-0.67112,-0.30248,-0.38598,-0.16526,-0.49519,0.00000,-0.46138,0.00000
-0.26361,-0.17918,-0.28940,-0.72753,-0.38317,-0.36521,-0.21280,-0.53686,0.00000,-0.43167,0.00000
-0.32805,-0.17345,-0.22969,-0.62998,-0.40487,-0.28256,-0.22276,-0.40974,0.00000,-0.35157,0.00000
-0.27330,-0.19594,-0.20118,-0.43039,-0.34488,-0.31130,-0.20525,-0.35777,0.00000,-0.37800,0.00000
-0.39164,-0.16089,-0.14584,-0.38258,-0.36577,-0.27084,-0.16063,-0.27521,0.00000,-0.30284,0.00000
-0.33039,-0.12200,-0.06194,-0.27350,-0.24468,-0.24392,-0.19794,-0.23903,0.00000,-0.14185,0.00000
-0.25272,-0.08236,-0.05369,-0.21362,-0.08639,-0.20333,-0.16216,-0.28518,0.00000,-0.07878,0.00000
-0.24772,-0.00083,0.02811,-0.16618,0.05915,-0.16783,-0.09397,-0.16938,0.00000,0.11315,0.00000
-0.07043,0.18709,0.34207,0.10501,0.51324,0.05004,0.08041,0.05994,0.00000,0.50641,0.00000
-0.01730,0.38181,0.70667,0.24670,0.43758,0.24248,0.13503,0.03896,0.00000,0.80739,0.00000
0.14930,0.43393,0.72212,0.38980,0.62798,0.31696,0.14053,0.16796,0.00000,1.03948,0.00000
0.05407,0.36414,0.77485,0.67053,0.61985,0.45402,0.13788,0.23642,0.00000,0.93055,0.00000
-0.02270,0.23430,0.92565,1.00217,0.57933,0.49256,0.14427,0.65445,0.00000,0.92362,0.00000
-0.08321,0.31279,1.01077,1.64897,0.61052,0.62939,0.35969,1.35484,0.00000,1.05186,0.00000
-0.16764,0.20670,0.72027,1.16433,0.35206,0.28058,0.32615,0.93137,0.00000,0.69858,0.00000
-0.34503,0.08977,0.49203,0.52500,0.00403,0.10111,0.16815,0.87344,0.00000,0.48396,0.00000
-0.37662,0.04004,0.40345,0.53227,0.04754,0.03140,0.11528,1.15097,0.00000,0.32033,0.00000
-0.29874,0.02306,0.29684,0.37341,-0.01469,0.01921,0.11911,1.15524,0.00000,0.22737,0.00000
-0.29501,0.00669,0.20164,0.17714,-0.12566,-0.07366,0.08869,0.63267,0.00000,0.07811,0.00000
-0.29845,0.00377,0.18394,0.14092,-0.19825,-0.12162,0.09129,0.42803,0.00000,0.06168,0.00000
-0.25150,0.02620,0.25241,0.22141,-0.21165,-0.08818,0.15428,0.65452,0.00000,0.10999,0.00000
-0.17861,0.02138,0.33839,0.20355,-0.13261,-0.04064,0.20159,0.82179,0.00000,0.15534,0.00000
-0.20677,-0.00877,0.31882,0.20608,-0.12194,-0.02985,0.19561,0.41106,0.00000,0.12312,0.00000
-0.09350,0.03315,0.32224,0.24215,-0.10301,-0.00121,0.14455,0.32914,0.00000,0.22709,0.00000
-0.00137,0.08409,0.35595,0.45074,0.01566,0.08366,0.15064,0.24976,0.00000,0.33100,0.00000
-0.01293,0.02536,0.18238,0.27500,0.14814,-0.01468,0.07783,0.08250,0.00000,0.16894,0.00000
0.05705,0.01087,0.12535,0.14779,0.26022,-0.03143,0.16908,0.02574,0.00000,0.11740,0.00000
0.23062,0.07020,0.20835,0.12223,0.46446,0.07122,0.35613,0.13916,0.00000,0.21766,0.00000
0.40815,0.07492,0.21008,-0.04011,0.49622,0.07695,0.35692,0.09514,0.00000,0.17486,0.00000
0.39168,0.14696,0.34613,0.01535,0.82635,0.10370,0.35412,0.09481,0.00000,0.16017,0.00000
0.22000,0.09107,0.16773,-0.15160,0.90602,-0.02274,0.18804,-0.09686,0.00000,0.05006,0.00000
0.25104,0.05992,0.08925,-0.25267,0.95065,-0.07255,0.18132,-0.16645,0.00000,-0.00526,0.00000
0.32354,0.02301,0.06235,-0.26651,0.83466,-0.10498,0.16724,-0.22900,0.00000,-0.01366,0.00000
0.20021,0.04196,-0.01837,-0.09476,0.91510,-0.14075,0.14850,-0.26014,0.00000,-0.05307,0.00000
0.10619,0.05492,-0.03525,-0.11913,0.69989,-0.16556,0.13888,-0.21973,0.00000,-0.12599,0.00000
0.11500,0.01777,-0.01702,-0.03311,0.44388,-0.14436,0.20426,-0.17057,0.00000,-0.15485,0.00000
0.10117,-0.00875,0.01676,-0.02631,0.36368,-0.10656,0.23925,-0.07285,0.00000,-0.12912,0.00000
0.15500,0.02724,0.09967,-0.03840,0.18432,-0.00597,0.23713,-0.11107,0.00000,-0.05770,0.00000
0.15739,0.03341,0.06675,-0.06561,0.00301,-0.02957,0.15988,-0.09992,0.00000,-0.07983,0.00000
0.11750,0.03119,0.02739,0.03270,0.07053,-0.07602,0.11255,-0.12119,0.00000,-0.13469,0.00000
0.17792,0.02305,0.05624,0.22596,-0.01295,-0.05380,0.12971,-0.04992,0.00000,-0.10078,0.00000
0.15918,-0.02668,0.03483,0.19112,-0.00064,-0.05246,0.17815,0.02404,0.00000,-0.08135,0.00000
0.30033,0.07805,0.18472,0.35216,0.07460,0.13054,0.32281,0.17943,0.00000,0.11520,0.00000
0.38073,0.13070,0.21964,0.55502,0.16231,0.22860,0.33721,0.20514,0.00000,0.10140,0.00000
0.25641,0.10351,0.16570,0.57332,0.18332,0.22703,0.34902,0.20346,0.00000,0.00877,0.00000
0.24590,0.02982,0.17246,0.39862,0.07593,0.24360,0.34129,0.26741,0.00000,-0.01474,0.00000
0.32454,0.03570,0.20721,0.45099,0.15033,0.29277,0.35336,0.25396,0.00000,0.07563,0.00000
0.29656,0.07515,0.23993,0.34896,0.31582,0.32512,0.30729,0.30049,0.00000,0.06949,0.00000
0.29358,0.13845,0.20172,0.29104,0.40406,0.29112,0.31649,0.18563,0.00000,0.01546,0.00000
0.32129,0.15414,0.14299,0.41325,0.65863,0.21932,0.39924,0.38536,0.00000,0.03911,0.00000
0.36935,0.14398,0.19556,0.51357,0.82148,0.18305,0.48632,0.36970,0.00000,0.07578,0.00000
0.47964,0.24887,0.43801,0.52931,0.72224,0.37635,0.49450,0.44582,0.00000,0.25195,0.00000
0.32842,0.31268,0.51922,0.50728,0.78331,0.52072,0.43627,0.42432,0.00000,0.34355,0.00000
0.21900,0.33243,0.63969,0.54246,0.58828,0.59875,0.42039,0.45565,0.00000,0.39461,0.00000
0.12510,0.24564,0.77722,0.55727,0.58777,0.53794,0.43664,0.52441,0.00000,0.33882,0.00000
0.18183,0.19575,0.84345,0.45630,0.52517,0.49933,0.45266,0.56323,0.00000,0.38587,0.00000
0.20829,0.21774,0.85205,0.45261,0.41541,0.53118,0.42160,0.64919,0.00000,0.48958,0.00000
0.25997,0.31327,0.64363,0.45031,0.29621,0.62410,0.46729,0.81823,0.00000,0.52079,0.00000
0.25240,0.29031,0.63197,0.46125,0.38687,0.63188,0.47001,0.71789,0.00000,0.46094,0.00000
0.12347,0.29834,0.64970,0.42066,0.40566,0.54614,0.50921,0.65927,0.00000,0.41774,0.00000
0.09930,0.27853,0.78412,0.34619,0.31870,0.47724,0.54387,0.66285,0.00000,0.44016,0.00000
0.11148,0.25241,0.87679,0.23232,0.08170,0.51272,0.46468,0.62489,0.00000,0.41741,0.00000
0.08777,0.21872,0.60939,0.17495,0.15008,0.48357,0.27642,0.61909,0.00000,0.37701,0.00000
0.11360,0.15398,0.30938,0.09242,0.12838,0.33798,0.22520,0.54758,0.00000,0.27552,0.00000
0.21161,0.18291,0.30491,0.18604,0.09802,0.30011,0.33510,0.68364,0.00000,0.33923,0.00000
0.20231,0.18210,0.22312,0.19696,0.01154,0.24317,0.29620,0.62337,0.00000,0.31594,0.00000
0.22758,0.17767,0.21312,0.30084,-0.04562,0.25554,0.29770,0.67274,0.00000,0.28667,0.00000
0.11362,0.18282,0.21178,0.30713,-0.07029,0.26799,0.26755,0.65730,0.00000,0.25807,0.00000
0.06353,0.12138,0.16532,0.22481,-0.11676,0.17773,0.25406,0.46324,0.00000,0.16244,0.00000
0.09447,0.09717,0.24758,0.20570,-0.03767,0.20772,0.31147,0.51459,0.00000,0.24590,0.00000
0.07800,0.08265,0.25384,0.19370,-0.18467,0.18411,0.31492,0.58153,0.00000,0.23505,0.00000
0.08007,0.05400,0.23190,0.21492,-0.28692,0.09474,0.25952,0.47197,0.00000,0.16713,0.00000
0.13792,0.05574,0.19499,0.27493,-0.28710,0.15310,0.24474,0.46947,0.00000,0.15647,0.00000
0.04674,0.06420,0.18715,0.31502,-0.25669,0.13412,0.29334,0.41437,0.00000,0.11778,0.00000
0.06558,0.10176,0.26438,0.35810,-0.20953,0.20003,0.37928,0.40196,0.00000,0.13069,0.00000
0.03033,0.08085,0.27715,0.38837,-0.16686,0.26224,0.37836,0.34552,0.00000,0.14508,0.00000
-0.06534,0.03797,0.26986,0.35319,-0.18968,0.26786,0.35573,0.18797,0.00000,0.05740,0.00000
-0.09764,0.11220,0.28540,0.34802,-0.27079,0.24342,0.38823,0.16305,0.00000,-0.01679,0.00000
-0.12535,0.19743,0.23179,0.30608,-0.35553,0.20604,0.27389,0.15115,0.00000,-0.02734,0.00000
-0.19595,0.14545,0.16863,0.23054,-0.39664,0.08663,0.18290,0.09747,0.00000,-0.07037,0.00000
-0.17142,0.29223,0.19551,0.27003,-0.37978,0.16548,0.14383,0.18202,0.00000,0.06936,0.00000
-0.18188,0.38277,0.10845,0.27550,-0.45947,0.17151,0.09988,0.07566,0.00000,0.03570,0.00000
-0.17657,0.44223,0.08280,0.24537,-0.53577,0.13442,0.07970,-0.01487,0.00000,0.02817,0.00000
-0.20811,0.40171,-0.01213,0.05031,-0.47235,0.04373,-0.01565,-0.12004,0.00000,-0.03870,0.00000
-0.25178,0.28930,-0.09719,-0.04061,-0.40591,-0.08663,-0.12653,-0.15148,0.00000,-0.08944,0.00000
-0.21183,0.29299,0.00232,0.09309,-0.35993,-0.03508,-0.14739,-0.06775,0.00000,0.00424,0.00000
-0.21471,0.34156,0.03660,0.14586,-0.37631,-0.00705,-0.09201,-0.03724,0.00000,0.03444,0.00000
-0.14326,0.30576,-0.02098,0.21884,-0.38106,-0.02609,-0.10073,-0.07318,0.00000,0.03687,0.00000
-0.01555,0.29988,-0.06037,0.19372,-0.29206,-0.06303,-0.13013,-0.04661,0.00000,0.12739,0.00000
0.00935,0.19917,-0.04530,0.19166,-0.18413,-0.08871,-0.09704,-0.02118,0.00000,0.25922,0.00000
0.08612,0.21180,0.02996,0.28964,-0.03806,-0.00447,0.00388,-0.03133,0.00000,0.37003,0.00000
0.20511,0.24292,0.07508,0.27325,0.06752,0.09038,0.04326,0.03647,0.00000,0.42554,0.00000
0.15420,0.17409,0.03202,0.23220,0.02164,0.08792,0.03325,0.03771,0.00000,0.34528,0.00000
0.07996,0.04899,-0.00358,0.09983,0.05435,0.08821,-0.03563,0.10190,0.00000,0.34374,0.00000
0.10713,0.05953,0.01938,0.03990,0.49800,0.19825,-0.06945,0.23108,0.00000,0.44318,0.00000
0.21483,0.14152,0.21247,0.23877,0.28159,0.42668,0.05509,0.36164,0.00000,0.67619,0.00000
0.24635,0.19624,0.37158,0.30351,0.14017,0.53514,0.19104,0.39196,0.00000,0.76941,0.00000
0.30384,0.16846,0.22095,0.16358,0.02766,0.41296,0.18939,0.22796,0.00000,0.60897,0.00000
0.30694,0.17216,0.19889,0.07492,-0.04334,0.33062,0.09473,0.21165,0.00000,0.57941,0.00000
0.19795,0.33006,0.30802,0.09328,-0.13989,0.32096,0.11768,0.34173,0.00000,0.69546,0.00000
