0.07606,0.31057,0.03934,0.09524,-0.02247,-0.09201,-0.15134,0.36336,0.00000,-0.20453,0.00000
-0.00971,0.17057,0.02817,0.05828,-0.09494,-0.12985,-0.22216,0.29567,0.00000,-0.22617,0.00000
-0.10119,-0.01329,-0.08070,-0.02702,-0.21769,-0.18854,-0.35096,0.27670,0.00000,-0.31893,0.00000
-0.10007,0.03027,-0.04148,0.03075,-0.18678,-0.12322,-0.31428,0.41062,0.00000,-0.15914,0.00000
-0.10314,0.13254,0.01432,0.03660,-0.17058,-0.06683,-0.28652,0.31682,0.00000,-0.06913,0.00000
-0.05183,0.24989,0.09507,0.06226,-0.17635,-0.02488,-0.21972,0.31487,0.00000,0.21042,0.00000
-0.23057,0.16622,0.07088,0.00615,-0.20281,-0.06347,-0.21835,0.29523,0.00000,0.19269,0.00000
-0.21965,0.07526,0.06346,0.00174,-0.19952,-0.08413,-0.23903,0.30235,0.00000,0.12254,0.00000
-0.20120,0.14189,0.15430,0.01228,-0.15324,0.03692,-0.03980,0.29988,0.00000,0.20968,0.00000
-0.19226,0.12295,0.17123,0.03381,-0.13884,0.03605,0.06731,0.31297,0.00000,0.07177,0.00000
-0.23227,0.09004,0.08646,0.02606,-0.21060,-0.04643,-0.14709,0.24056,0.00000,-0.04124,0.00000
-0.26852,0.00640,0.04048,-0.02184,-0.22965,-0.06016,-0.27283,0.23935,0.00000,-0.10473,0.00000
-0.27745,-0.00821,-0.02868,-0.07350,-0.21372,-0.08354,-0.34377,0.13683,0.00000,-0.19786,0.00000
-0.26461,-0.00452,-0.01532,-0.08172,-0.22029,-0.06615,-0.26670,0.12016,0.00000,-0.21364,0.00000
-0.21226,0.16730,0.16020,-0.03480,-0.15192,-0.02508,-0.20036,0.18671,0.00000,-0.15680,0.00000
-0.17118,0.12198,0.21752,-0.06494,-0.17366,-0.07090,-0.20622,0.11405,0.00000,-0.16743,0.00000
-0.18618,0.04331,0.16879,-0.09270,-0.10710,-0.06909,-0.24611,0.08626,0.00000,-0.14968,0.00000
-0.22030,-0.04864,0.07493,-0.12333,0.07496,-0.08002,-0.25704,0.03532,0.00000,-0.21878,0.00000
-0.09376,-0.10400,0.01679,-0.12553,0.14083,-0.09245,-0.23490,-0.03236,0.00000,-0.23372,0.00000
-0.22934,-0.12150,-0.02810,-0.13256,0.04326,-0.11016,-0.29129,-0.14011,0.00000,-0.23643,0.00000
-0.28496,-0.14840,-0.04023,-0.10659,0.02436,-0.14032,-0.31679,-0.18630,0.00000,-0.23694,0.00000
-0.25893,-0.13436,-0.01483,-0.07422,0.08369,-0.07377,-0.24289,-0.14117,0.00000,-0.20717,0.00000
-0.21605,-0.11982,0.01600,-0.04280,0.17823,-0.02931,-0.08715,-0.11757,0.00000,-0.13484,0.00000
-0.10955,-0.03692,0.08354,-0.02402,0.36868,0.07442,0.12948,-0.08857,0.00000,-0.02491,0.00000
0.01269,0.02589,0.20198,0.02472,0.57228,0.15028,0.26248,-0.00822,0.00000,0.13585,0.00000
0.04272,0.03255,0.26238,0.00074,0.61746,0.13664,0.13514,0.03223,0.00000,0.27875,0.00000
0.09676,0.07474,0.30153,0.00371,0.71868,0.19415,0.31100,0.07423,0.00000,0.42148,0.00000
0.12238,0.14125,0.33772,0.03645,0.92451,0.26598,0.44598,0.14667,0.00000,0.40196,0.00000
0.12121,0.12814,0.25784,0.05754,0.84935,0.18518,0.25661,0.15188,0.00000,0.22325,0.00000
0.23153,0.16757,0.27544,0.11083,0.87710,0.25950,0.22908,0.22663,0.00000,0.26531,0.00000
0.32334,0.29594,0.35547,0.11715,1.29007,0.35565,0.31081,0.31870,0.00000,0.35214,0.00000
0.66149,0.36489,0.40664,0.14244,1.48107,0.49916,0.53570,0.41617,0.00000,0.35554,0.00000
0.82790,0.36916,0.34989,0.11680,1.36850,0.48838,0.49823,0.54813,0.00000,0.31787,0.00000
0.82599,0.35739,0.31762,0.07021,1.24436,0.38945,0.49566,0.53879,0.00000,0.34602,0.00000
0.58111,0.22360,0.21130,0.01969,0.71687,0.27835,0.31166,0.38443,0.00000,0.17312,0.00000
0.53158,0.15046,0.22133,0.05067,0.57113,0.19810,0.15265,0.46004,0.00000,0.20881,0.00000
0.43755,0.11416,0.17157,0.03617,0.67104,0.13759,0.10037,0.44434,0.00000,0.13089,0.00000
0.46781,0.06389,0.11129,0.08695,0.50535,0.16171,0.13043,0.33415,0.00000,0.11208,0.00000
0.43636,0.00271,0.10918,0.08138,0.57009,0.19994,0.09908,0.25780,0.00000,0.11957,0.00000
0.40000,-0.02738,0.10425,0.09772,0.67314,0.20870,0.04380,0.20601,0.00000,0.18310,0.00000
0.37784,0.00599,0.13888,0.10433,0.98502,0.30703,0.32293,0.27342,0.00000,0.37349,0.00000
0.27599,0.09480,0.16454,0.08415,0.99573,0.34451,0.36588,0.24660,0.00000,0.49637,0.00000
0.20061,0.06793,0.14593,0.06432,0.64823,0.23322,0.27647,0.14842,0.00000,0.43373,0.00000
0.23283,0.10768,0.13778,0.04238,0.75167,0.20897,0.26479,0.21412,0.00000,0.60476,0.00000
0.29552,0.07930,0.13895,0.03881,0.79573,0.17253,0.23673,0.23248,0.00000,0.54803,0.00000
0.19229,-0.00165,0.09819,0.03287,0.71898,0.10604,0.21648,0.12529,0.00000,0.41077,0.00000
0.27736,0.03526,0.12064,0.04638,0.78914,0.14397,0.30439,0.16749,0.00000,0.41630,0.00000
0.28157,0.05588,0.11245,0.02221,0.83102,0.19116,0.32053,0.10425,0.00000,0.36928,0.00000
0.33472,0.08534,0.15186,0.02846,0.92238,0.30482,0.47595,0.13377,0.00000,0.47356,0.00000
0.30394,0.12551,0.17315,0.01619,1.21319,0.27972,0.62637,0.18191,0.00000,0.55652,0.00000
0.26136,0.12497,0.10205,0.01015,1.21947,0.25128,0.58022,0.16016,0.00000,0.49572,0.00000
0.20714,0.08906,0.07979,0.01566,0.86274,0.24901,0.57579,0.16802,0.00000,0.39602,0.00000
0.17318,0.05070,0.07337,0.03554,0.67993,0.23667,0.56091,0.09681,0.00000,0.34959,0.00000
0.20897,-0.04985,0.04921,0.02682,0.69421,0.19850,0.52729,0.07633,0.00000,0.38043,0.00000
0.28364,-0.04823,0.07831,0.03336,0.76761,0.25188,0.66669,0.16628,0.00000,0.45917,0.00000
0.26146,-0.09770,0.07988,0.04872,0.57239,0.29386,0.64293,0.20424,0.00000,0.29830,0.00000
0.20662,-0.07866,0.09540,0.08950,0.50064,0.36332,0.77268,0.24091,0.00000,0.28472,0.00000
0.32826,-0.03534,0.19813,0.09915,0.67390,0.49385,0.77333,0.32768,0.00000,0.40048,0.00000
0.33453,-0.07810,0.24342,0.10256,0.62808,0.41324,0.59569,0.28986,0.00000,0.30419,0.00000
0.23488,-0.13713,0.18221,0.07701,0.38442,0.29104,0.45729,0.21493,0.00000,0.16416,0.00000
0.18084,-0.15592,0.15355,0.07451,0.31868,0.22938,0.36765,0.19204,0.00000,0.11293,0.00000
0.12890,-0.12323,0.12487,0.08600,0.20148,0.25516,0.21650,0.16246,0.00000,0.20581,0.00000
0.10853,-0.07325,0.22424,0.08208,-0.04628,0.26683,0.20405,0.22712,0.00000,0.23639,0.00000
0.22701,-0.02384,0.34384,0.06984,0.06269,0.30673,0.26953,0.28801,0.00000,0.26782,0.00000
0.27007,0.01325,0.29803,0.05019,0.14666,0.24730,0.20765,0.23488,0.00000,0.20363,0.00000
0.26686,0.05459,0.32852,0.06977,0.16040,0.25016,0.22888,0.23492,0.00000,0.14494,0.00000
0.23173,0.03821,0.31813,0.08346,-0.01722,0.26411,0.13704,0.21449,0.00000,0.09399,0.00000
0.18826,0.07231,0.27048,0.08093,0.03476,0.22155,0.04483,0.21245,0.00000,0.11099,0.00000
0.17312,0.06639,0.20551,0.02337,0.05264,0.14605,-0.03292,0.12745,0.00000,0.11822,0.00000
0.17339,0.07968,0.17913,0.05215,0.02297,0.12064,0.01970,0.12289,0.00000,0.11347,0.00000
0.24946,0.10330,0.16525,0.06885,0.14703,0.16921,0.06233,0.17113,0.00000,0.25022,0.00000
0.34163,0.15762,0.19283,0.08348,0.29787,0.23206,0.06993,0.22033,0.00000,0.40843,0.00000
0.39624,0.18953,0.22406,0.10790,0.24031,0.20469,0.08212,0.25499,0.00000,0.49597,0.00000
0.35074,0.09581,0.32737,0.11263,0.13596,0.09895,0.18812,0.26495,0.00000,0.30305,0.00000
0.51039,0.06190,0.37125,0.11548,0.40637,0.08521,0.21536,0.25451,0.00000,0.28522,0.00000
0.55438,0.06335,0.33710,0.14833,0.45712,0.10380,0.23277,0.27319,0.00000,0.34260,0.00000
0.55997,-0.01591,0.11311,0.16171,0.30667,0.04470,0.22083,0.21729,0.00000,0.27000,0.00000
0.51857,0.00736,0.07856,0.16832,0.24562,0.04135,0.25972,0.26160,0.00000,0.30839,0.00000
0.41469,-0.02639,-0.04936,0.13467,0.27066,-0.04959,0.16741,0.18286,0.00000,0.16932,0.00000
0.49046,-0.02229,-0.04817,0.09445,0.22418,-0.09035,0.13420,0.14024,0.00000,0.06267,0.00000
0.49596,-0.00388,-0.07549,0.09536,0.21038,-0.10075,0.07899,0.13454,0.00000,0.05995,0.00000
0.53593,-0.02732,-0.10187,0.11940,0.19426,-0.08464,0.10971,0.15136,0.00000,0.11384,0.00000
0.51344,-0.01112,-0.11512,0.13554,0.19443,-0.08033,0.10266,0.14095,0.00000,0.13661,0.00000
0.52863,-0.02471,-0.20268,0.11745,0.16123,-0.14132,0.18237,0.14410,0.00000,0.09045,0.00000
0.35431,-0.07153,-0.30588,0.08417,0.03908,-0.17431,0.18181,0.05633,0.00000,-0.01180,0.00000
0.41780,0.00414,-0.24756,0.07974,0.05072,-0.09260,0.19108,0.12087,0.00000,0.04729,0.00000
0.12858,-0.08238,-0.32010,0.07681,-0.13725,-0.14529,0.05814,0.04090,0.00000,-0.08446,0.00000
-0.26926,-0.24469,-0.49858,-0.05043,-0.46036,-0.31347,-0.14835,-0.25497,0.00000,-0.29899,0.00000
-0.29168,-0.26073,-0.53180,-0.10278,-0.49192,-0.40228,-0.13278,-0.28957,0.00000,-0.34635,0.00000
-0.30562,-0.29506,-0.51684,-0.11221,-0.51683,-0.42007,-0.14254,-0.33981,0.00000,-0.37427,0.00000
-0.23963,-0.28996,-0.47952,-0.10656,-0.43563,-0.40115,-0.05583,-0.29227,0.00000,-0.32010,0.00000
-0.25884,-0.29945,-0.52121,-0.11485,-0.49765,-0.39842,-0.03320,-0.35141,0.00000,-0.27837,0.00000
-0.31135,-0.27058,-0.50580,-0.12769,-0.53132,-0.37230,-0.09383,-0.37766,0.00000,-0.26586,0.00000
-0.28343,-0.26096,-0.42419,-0.12937,-0.48555,-0.30656,-0.18227,-0.29291,0.00000,-0.22096,0.00000
-0.28352,-0.27378,-0.37947,-0.13896,-0.44736,-0.26994,-0.15583,-0.27871,0.00000,-0.25016,0.00000
-0.30521,-0.27417,-0.32850,-0.12533,-0.45395,-0.19859,-0.14405,-0.26128,0.00000,-0.19504,0.00000
-0.30740,-0.25479,-0.26059,-0.11226,-0.39770,-0.15920,-0.13175,-0.22354,0.00000,-0.09762,0.00000
-0.25061,-0.30150,-0.24491,-0.08666,-0.33796,-0.14146,-0.12010,-0.19101,0.00000,-0.06118,0.00000
-0.10416,-0.24543,-0.14736,-0.04689,-0.19465,-0.04738,-0.03930,-0.12980,0.00000,0.08443,0.00000
0.36166,-0.10609,0.41086,0.05383,0.37467,0.28186,0.11954,0.15830,0.00000,0.39657,0.00000
0.46182,-0.01107,1.02741,0.12920,0.38952,0.63621,0.23318,0.27476,0.00000,0.58168,0.00000
0.67576,0.04076,0.93604,0.12570,0.38815,0.57069,0.30778,0.32762,0.00000,0.67483,0.00000
0.56253,0.08187,0.92156,0.13200,0.38359,0.63827,0.34261,0.31516,0.00000,0.69839,0.00000
0.43433,0.08216,1.64332,0.18666,0.41954,0.60197,0.40263,0.42281,0.00000,0.62168,0.00000
0.59287,0.10870,2.51436,0.25332,0.54681,0.68061,0.76734,0.67508,0.00000,0.69764,0.00000
0.43543,0.03919,1.29899,0.20708,0.44639,0.37397,0.61841,0.46188,0.00000,0.51592,0.00000
0.20295,-0.02702,0.62277,0.15037,0.16295,0.12029,0.40490,0.31473,0.00000,0.41034,0.00000
0.19196,-0.04099,0.70285,0.12730,0.15716,0.01102,0.29595,0.26069,0.00000,0.29145,0.00000
0.27524,-0.02197,0.63872,0.10090,0.23976,0.01015,0.20325,0.26784,0.00000,0.22697,0.00000
0.21723,0.01922,0.44493,0.06196,0.15534,-0.05916,0.11085,0.18110,0.00000,0.14524,0.00000
0.20232,0.02641,0.38146,0.04340,0.09809,-0.06315,0.10489,0.21521,0.00000,0.15421,0.00000
0.24085,0.11972,0.50466,0.05986,0.11588,-0.06004,0.16552,0.26686,0.00000,0.14548,0.00000
0.27490,0.21019,0.66788,0.10300,0.22005,-0.05022,0.16603,0.25213,0.00000,0.17127,0.00000
0.29366,0.21863,0.64919,0.17189,0.35447,-0.02451,0.13743,0.24027,0.00000,0.18110,0.00000
0.28773,0.27178,0.60223,0.15021,0.33667,0.00482,0.19756,0.29980,0.00000,0.24776,0.00000
0.31669,0.37078,0.66371,0.15349,0.61151,0.06544,0.24686,0.35717,0.00000,0.32425,0.00000
0.19633,0.31337,0.37150,0.11706,0.57477,-0.02983,0.22862,0.25284,0.00000,0.20349,0.00000
0.22615,0.28093,0.26178,0.13730,0.47029,-0.03733,0.31954,0.25623,0.00000,0.16766,0.00000
0.29037,0.35205,0.34177,0.20398,0.63855,0.03864,0.48024,0.32479,0.00000,0.22879,0.00000
0.27317,0.36592,0.29670,0.20845,0.64742,0.03949,0.42463,0.31036,0.00000,0.20984,0.00000
0.34706,0.37032,0.39650,0.23921,0.69112,0.05387,0.45900,0.30653,0.00000,0.24593,0.00000
0.12980,0.10565,0.18247,0.16675,0.43084,-0.03013,0.25944,0.14202,0.00000,0.15368,0.00000
0.03646,0.06908,0.11294,0.19856,0.24503,-0.06995,0.27300,0.07232,0.00000,0.11734,0.00000
-0.02016,0.06495,0.02706,0.19341,0.12007,-0.10784,0.24364,0.05716,0.00000,0.10808,0.00000
-0.02726,0.05501,-0.01774,0.16037,0.16903,-0.13583,0.25426,0.09019,0.00000,0.06574,0.00000
-0.04460,0.00523,-0.03561,0.14232,0.04132,-0.15525,0.31398,0.08880,0.00000,0.01967,0.00000
0.03150,-0.00401,0.01235,0.16351,0.02423,-0.14084,0.30721,0.10804,0.00000,0.02377,0.00000
0.05695,-0.04770,0.06829,0.18657,-0.03099,-0.09415,0.31691,0.10172,0.00000,0.08599,0.00000
0.08243,-0.07358,0.16260,0.21607,-0.05374,-0.03543,0.31688,0.11663,0.00000,0.17788,0.00000
0.05841,-0.13017,0.14683,0.16442,-0.10622,-0.05751,0.25103,0.07679,0.00000,0.16980,0.00000
0.04484,-0.18578,0.11786,0.11205,-0.13542,-0.11028,0.25808,0.05454,0.00000,0.11000,0.00000
0.03951,-0.22507,0.12292,0.17338,-0.18463,-0.07999,0.31170,0.03258,0.00000,0.14424,0.00000
0.01829,-0.22552,0.04967,0.21450,-0.18954,-0.07346,0.31830,0.05766,0.00000,0.12310,0.00000
0.18165,-0.04909,0.21290,0.24780,0.04551,0.08018,0.52197,0.25171,0.00000,0.26670,0.00000
0.24675,0.00567,0.26261,0.19195,0.22295,0.18365,0.47825,0.32660,0.00000,0.25662,0.00000
0.21535,-0.00102,0.23539,0.15028,0.24633,0.18299,0.45325,0.30449,0.00000,0.19298,0.00000
0.14021,-0.03976,0.17443,0.13507,0.06039,0.19079,0.31270,0.25499,0.00000,0.14946,0.00000
0.18465,-0.01399,0.22040,0.12553,0.13537,0.24523,0.26378,0.24263,0.00000,0.16659,0.00000
0.17469,-0.01741,0.23225,0.14248,0.13719,0.29143,0.21459,0.23073,0.00000,0.11180,0.00000
0.10368,0.01643,0.16627,0.13748,0.08653,0.23442,0.16511,0.23696,0.00000,0.03230,0.00000
0.07194,0.05758,0.13116,0.14201,0.10542,0.20562,0.17103,0.22993,0.00000,0.02013,0.00000
0.00800,0.13083,0.13085,0.15492,0.14606,0.20642,0.27439,0.22568,0.00000,0.01737,0.00000
0.08293,0.35787,0.21671,0.21242,0.29107,0.43268,0.27995,0.32881,0.00000,0.12601,0.00000
0.10091,0.53404,0.22125,0.14800,0.36258,0.53028,0.24095,0.35399,0.00000,0.15483,0.00000
0.06673,0.63217,0.29243,0.15415,0.36568,0.57891,0.28405,0.36459,0.00000,0.18809,0.00000
0.10787,0.61571,0.29717,0.18929,0.27117,0.52757,0.26407,0.35111,0.00000,0.16420,0.00000
0.13211,0.56524,0.27536,0.19129,0.27766,0.44057,0.26059,0.32445,0.00000,0.18642,0.00000
0.16859,0.56542,0.31263,0.20519,0.33582,0.47065,0.25685,0.34324,0.00000,0.26696,0.00000
0.19657,0.56350,0.41011,0.24727,0.44371,0.56428,0.43866,0.37358,0.00000,0.34504,0.00000
0.14584,0.51363,0.37201,0.24178,0.34728,0.53522,0.47251,0.38615,0.00000,0.34556,0.00000
0.08443,0.56913,0.27796,0.21983,0.23868,0.41323,0.50128,0.34289,0.00000,0.33139,0.00000
0.11030,0.53100,0.25361,0.19154,0.23416,0.35170,0.53898,0.31389,0.00000,0.38590,0.00000
0.17958,0.53641,0.29691,0.16124,0.27780,0.36352,0.42896,0.33682,0.00000,0.36581,0.00000
0.20246,0.46057,0.24212,0.11760,0.39553,0.31847,0.22755,0.33007,0.00000,0.33874,0.00000
0.14678,0.39708,0.16597,0.09880,0.34962,0.21006,0.09992,0.25148,0.00000,0.30601,0.00000
0.16193,0.43702,0.24373,0.14437,0.50450,0.19853,0.19526,0.30406,0.00000,0.38961,0.00000
0.13152,0.35512,0.22829,0.08054,0.47319,0.15932,0.18188,0.24369,0.00000,0.37510,0.00000
0.05220,0.24870,0.22448,0.11183,0.42841,0.16339,0.21642,0.20865,0.00000,0.34197,0.00000
-0.04210,0.22059,0.18564,0.11995,0.36533,0.19897,0.23096,0.21164,0.00000,0.32147,0.00000
-0.11412,0.17470,0.11733,0.11842,0.13695,0.14704,0.26031,0.16600,0.00000,0.24488,0.00000
-0.13623,0.27764,0.12531,0.16602,0.05316,0.16372,0.38492,0.22211,0.00000,0.29367,0.00000
-0.16076,0.31946,0.10390,0.18948,-0.08368,0.16397,0.38390,0.19974,0.00000,0.26681,0.00000
-0.14408,0.29974,0.10223,0.17457,-0.09477,0.12959,0.29545,0.17023,0.00000,0.23767,0.00000
-0.10887,0.31066,0.15217,0.20549,-0.05358,0.18314,0.31282,0.21815,0.00000,0.27352,0.00000
-0.16814,0.26458,0.09663,0.22962,-0.15600,0.15998,0.39026,0.17296,0.00000,0.27480,0.00000
-0.17689,0.31873,0.13660,0.25575,-0.14378,0.21877,0.55868,0.16376,0.00000,0.31624,0.00000
-0.14883,0.26120,0.13170,0.21962,-0.18408,0.25440,0.58987,0.14926,0.00000,0.32389,0.00000
-0.17878,0.23657,0.11516,0.20044,-0.28769,0.23850,0.48179,0.13933,0.00000,0.25205,0.00000
-0.22057,0.28629,0.13165,0.24317,-0.38322,0.23184,0.45026,0.15765,0.00000,0.22123,0.00000
-0.23473,0.33377,0.11054,0.20385,-0.45249,0.19000,0.53813,0.14208,0.00000,0.17673,0.00000
-0.26516,0.30283,0.05244,0.11247,-0.48426,0.08197,0.42680,0.08774,0.00000,0.13724,0.00000
-0.22689,0.43970,0.12678,0.10851,-0.34946,0.11332,0.35808,0.13400,0.00000,0.23091,0.00000
-0.19711,0.39175,0.08292,0.04371,-0.32028,0.11274,0.18830,0.08956,0.00000,0.17581,0.00000
-0.22896,0.39177,0.06474,0.05387,-0.30858,0.06280,0.18936,0.06094,0.00000,0.17153,0.00000
-0.30196,0.31621,-0.00731,0.03660,-0.42702,-0.01877,0.10763,-0.01254,0.00000,0.10548,0.00000
-0.31642,0.17773,-0.06225,-0.01457,-0.49805,-0.08852,-0.03793,-0.03517,0.00000,0.00931,0.00000
-0.22652,0.20908,0.06051,0.00846,-0.35243,-0.04554,-0.04414,0.03783,0.00000,0.06883,0.00000
-0.19723,0.24550,0.04981,0.01927,-0.34383,-0.02046,0.00756,0.06680,0.00000,0.10778,0.00000
-0.16923,0.24755,0.03478,0.02945,-0.31757,-0.03045,0.02021,0.10480,0.00000,0.07106,0.00000
-0.12283,0.24014,0.02406,0.06117,-0.22269,-0.05305,0.04167,0.13521,0.00000,0.10587,0.00000
-0.03375,0.20490,0.04052,0.10829,-0.11215,-0.03614,0.04445,0.16014,0.00000,0.17446,0.00000
0.02518,0.21519,0.11483,0.16123,0.07628,0.04574,0.04893,0.20892,0.00000,0.26913,0.00000
0.13304,0.24615,0.19070,0.11823,0.12301,0.12996,0.10138,0.25623,0.00000,0.30490,0.00000
0.13426,0.18885,0.12210,0.12657,0.06455,0.10453,0.09251,0.22944,0.00000,0.24330,0.00000
0.23135,0.14777,0.13118,0.17236,0.08490,0.10391,0.02067,0.24286,0.00000,0.19351,0.00000
0.40510,0.16283,0.19195,0.17564,0.47808,0.21846,-0.00409,0.31464,0.00000,0.23864,0.00000
0.68740,0.23734,0.27643,0.17022,0.90374,0.39422,0.10978,0.45189,0.00000,0.42139,0.00000
0.61620,0.35567,0.28837,0.23834,0.97483,0.48961,0.23444,0.44631,0.00000,0.55105,0.00000
0.43716,0.33561,0.18842,0.14633,0.44041,0.40159,0.24096,0.37354,0.00000,0.44683,0.00000
0.50747,0.32915,0.22434,0.14025,0.28043,0.33601,0.19096,0.34614,0.00000,0.43620,0.00000
0.42535,0.39478,0.32146,0.22946,0.20945,0.34841,0.24602,0.35486,0.00000,0.55770,0.00000
0.42081,0.39870,0.37788,0.22165,0.02768,0.44321,0.27464,0.36231,0.00000,0.55691,0.00000
0.43041,0.34651,0.31969,0.12543,0.02164,0.43872,0.28087,0.35688,0.00000,0.51783,0.00000
0.52403,0.33597,0.27377,0.13046,-0.04919,0.39172,0.27058,0.33464,0.00000,0.45688,0.00000
0.60762,0.32780,0.30263,0.25791,0.02948,0.39557,0.35639,0.35604,0.00000,0.46641,0.00000
0.61184,0.33276,0.35508,0.29527,0.04078,0.48302,0.43484,0.42204,0.00000,0.50369,0.00000
0.45374,0.33831,0.38848,0.25421,0.05797,0.42922,0.43761,0.38710,0.00000,0.62903,0.00000
0.38515,0.31468,0.41494,0.32418,-0.02890,0.41272,0.43877,0.40569,0.00000,0.54576,0.00000
0.38480,0.35635,0.50118,0.39383,0.09515,0.47622,0.50822,0.44936,0.00000,0.59616,0.00000
0.29718,0.29437,0.46055,0.31307,0.01816,0.40085,0.44572,0.39148,0.00000,0.52571,0.00000
