0.02333,-0.03585,0.31161,0.00000,0.26574,-0.03680,0.08723,0.07971,0.00000,-0.01397,0.00000
0.01888,-0.03400,0.21942,0.00000,0.28774,-0.08278,0.03602,0.05663,0.00000,-0.02801,0.00000
-0.01839,-0.04153,0.01144,0.00000,0.02710,-0.15369,-0.05289,-0.02008,0.00000,-0.12102,0.00000
0.03593,-0.04480,0.04269,0.00000,0.08363,-0.07831,-0.01012,0.01513,0.00000,-0.11151,0.00000
0.05975,-0.03971,0.04073,0.00000,0.09975,-0.02798,0.09489,0.02219,0.00000,-0.09565,0.00000
0.05496,-0.03497,0.13284,0.00000,-0.04479,0.01908,0.09794,0.05441,0.00000,0.09864,0.00000
0.02592,-0.03940,0.17161,0.00000,-0.20777,-0.03304,0.12113,0.02484,0.00000,0.04677,0.00000
-0.00987,-0.03605,0.13995,0.00000,-0.30762,-0.04241,0.05029,0.00395,0.00000,-0.07695,0.00000
0.03203,-0.00779,0.25591,0.00000,-0.18608,0.08219,0.20415,0.08664,0.00000,0.04007,0.00000
0.03612,-0.00688,0.29023,0.00000,-0.08922,0.07830,0.21876,0.11636,0.00000,0.05476,0.00000
0.03024,-0.01007,0.23077,0.00000,-0.18556,-0.01490,-0.02302,0.03502,0.00000,0.01006,0.00000
-0.00118,-0.01997,0.22407,0.00000,-0.22586,-0.04099,-0.20025,0.01947,0.00000,-0.00504,0.00000
-0.03101,-0.02772,0.07565,0.00000,-0.13681,-0.09785,-0.23446,-0.00279,0.00000,0.02592,0.00000
0.01519,-0.03999,0.10239,0.00000,-0.09805,-0.09026,-0.14090,-0.00600,0.00000,0.04923,0.00000
0.03414,-0.02953,0.28342,0.00000,0.04587,-0.03775,-0.16921,0.04627,0.00000,0.32779,0.00000
0.00816,-0.04034,0.26546,0.00000,-0.01438,-0.07664,-0.15429,0.03464,0.00000,0.45374,0.00000
0.00563,-0.05393,0.22358,0.00000,0.00055,-0.07630,-0.16783,0.03085,0.00000,0.39703,0.00000
-0.00721,-0.05924,0.10524,0.00000,0.10104,-0.08141,-0.16479,-0.00654,0.00000,0.23159,0.00000
-0.03058,-0.05774,0.03779,0.00000,0.09940,-0.08991,-0.10166,-0.00559,0.00000,0.18415,0.00000
-0.08978,-0.07459,-0.01137,-0.30735,0.22528,-0.12620,-0.11938,-0.05264,0.00000,0.26510,0.00000
-0.15651,-0.08441,-0.03757,-0.33294,0.04084,-0.17137,-0.10569,-0.10310,0.00000,0.18878,0.00000
-0.14165,-0.07904,0.00240,-0.40406,0.00777,-0.10278,-0.03459,-0.07730,0.00000,0.12972,0.00000
-0.11313,-0.07167,0.02766,-0.36309,0.06210,-0.07321,0.10991,-0.04535,0.00000,0.04445,0.00000
-0.04046,-0.05690,0.12260,-0.14783,0.30632,0.02174,0.38465,0.04154,0.00000,0.15019,0.00000
0.05896,-0.04349,0.28337,0.04526,0.30976,0.13274,0.60004,0.10848,0.00000,0.23797,0.00000
0.05129,-0.02425,0.35715,-0.12156,0.19194,0.11734,0.39403,0.14254,0.00000,0.24829,0.00000
0.14118,-0.01523,0.40314,0.06002,0.22277,0.17550,0.51836,0.20261,0.00000,0.37799,0.00000
0.17613,0.00729,0.49917,0.23056,0.24645,0.26278,0.36962,0.27244,0.00000,0.41509,0.00000
0.16573,0.00972,0.47065,0.24307,0.17637,0.15278,0.26908,0.21612,0.00000,0.31672,0.00000
0.19478,0.00569,0.49605,0.18487,0.17412,0.14468,0.31192,0.25417,0.00000,0.30781,0.00000
0.20878,0.02133,0.52880,0.19658,0.30957,0.21825,0.38067,0.30196,0.00000,0.58226,0.00000
0.32350,0.08042,0.62321,0.35699,0.30113,0.36163,0.48148,0.34367,0.00000,0.48792,0.00000
0.38877,0.08561,0.63677,0.47858,0.26151,0.36444,0.39867,0.35856,0.00000,0.35875,0.00000
0.39381,0.06208,0.52831,0.43474,0.37346,0.23877,0.44422,0.36137,0.00000,0.48263,0.00000
0.29256,0.02068,0.37451,0.15182,0.43137,0.15670,0.29761,0.27104,0.00000,0.44069,0.00000
0.27006,0.00369,0.37789,-0.08270,0.41123,0.08748,0.17614,0.26057,0.00000,0.39182,0.00000
0.26493,-0.00371,0.32045,-0.07665,0.60649,0.03771,0.09897,0.25644,0.00000,0.27184,0.00000
0.20434,-0.02267,0.24969,0.08254,0.54724,0.05279,0.09821,0.19697,0.00000,0.25304,0.00000
0.21134,-0.03127,0.25299,0.03379,0.65932,0.07119,0.11460,0.20295,0.00000,0.17300,0.00000
0.25234,-0.02213,0.18151,0.05674,0.65162,0.03759,0.13872,0.16729,0.00000,0.18038,0.00000
0.30019,-0.02118,0.22606,0.20920,0.68108,0.09645,0.15548,0.20204,0.00000,0.26343,0.00000
0.29572,-0.01328,0.26505,0.21962,0.53853,0.13707,0.18019,0.20030,0.00000,0.30188,0.00000
0.25342,-0.02411,0.23768,0.19710,0.41198,0.06970,0.08743,0.16043,0.00000,0.17057,0.00000
0.22770,-0.02406,0.20027,0.17455,0.70247,0.05932,0.06099,0.17390,0.00000,0.27082,0.00000
0.26127,-0.02496,0.16195,0.15453,0.80111,0.06370,-0.01517,0.18295,0.00000,0.41156,0.00000
0.18619,-0.02266,0.08826,0.17892,0.54188,0.04672,-0.03213,0.10398,0.00000,0.32377,0.00000
0.21812,-0.01659,0.14977,0.29232,0.24891,0.10459,0.03630,0.13188,0.00000,0.39119,0.00000
0.20040,-0.01307,0.15300,0.37204,0.30619,0.11695,0.04370,0.09876,0.00000,0.35007,0.00000
0.20552,-0.00431,0.21793,0.51974,0.35743,0.20042,0.20091,0.10408,0.00000,0.33113,0.00000
0.19367,0.27441,0.20340,0.59182,0.57254,0.19431,0.26146,0.10772,0.00000,0.30772,0.00000
0.13136,0.58678,0.10125,0.59331,0.60149,0.15598,0.24399,0.09637,0.00000,0.22765,0.00000
0.09432,0.36844,0.08517,0.57369,0.59781,0.15606,0.23271,0.09774,0.00000,0.13464,0.00000
0.10744,0.43287,0.06895,0.41659,0.45433,0.15546,0.27476,0.05889,0.00000,0.09481,0.00000
0.08303,0.43032,0.05251,0.47399,0.55192,0.12550,0.22451,0.05199,0.00000,0.09439,0.00000
0.13103,0.44345,0.05498,0.50849,0.70363,0.15244,0.30819,0.06914,0.00000,0.12658,0.00000
0.11822,0.29344,0.05257,0.42184,0.34629,0.17942,0.32133,0.06044,0.00000,0.11031,0.00000
0.07683,0.32996,0.05852,0.49271,0.30324,0.24130,0.44990,0.08753,0.00000,0.11606,0.00000
0.17842,0.34841,0.12467,0.52362,0.49718,0.31592,0.37691,0.14866,0.00000,0.17570,0.00000
0.17558,0.18648,0.05130,0.56110,0.59852,0.25112,0.25797,0.14870,0.00000,0.13809,0.00000
0.09356,0.09676,-0.02840,0.52725,0.22910,0.17130,0.24625,0.09594,0.00000,0.08925,0.00000
0.06608,0.08533,-0.06188,0.52209,0.25479,0.14491,0.11810,0.06700,0.00000,0.09467,0.00000
0.10901,0.08039,-0.04913,0.49432,0.28575,0.17777,0.09536,0.05159,0.00000,0.15102,0.00000
0.18444,0.09109,0.05526,0.46500,0.01874,0.24225,0.08473,0.07843,0.00000,0.20945,0.00000
0.22875,0.12321,0.14793,0.42092,0.07649,0.34495,0.15010,0.22791,0.00000,0.29231,0.00000
0.18735,0.09422,0.09593,0.47463,0.33411,0.27177,0.10853,0.17880,0.00000,0.25398,0.00000
0.19899,0.07623,0.09031,0.51071,0.37991,0.26761,0.10106,0.15842,0.00000,0.23515,0.00000
0.20486,0.07196,0.08135,0.48165,0.19987,0.27906,0.06297,0.16384,0.00000,0.25230,0.00000
0.22254,0.12699,0.08342,0.50215,0.44171,0.26967,0.04744,0.24005,0.00000,0.27379,0.00000
0.20575,0.12288,0.01970,0.50359,0.44101,0.16516,-0.03839,0.13129,0.00000,0.21338,0.00000
0.25687,0.09005,0.04326,0.60947,0.42280,0.16503,0.06002,0.14622,0.00000,0.17288,0.00000
0.28564,0.11289,0.11799,0.51559,0.59407,0.23331,0.12569,0.15729,0.00000,0.17230,0.00000
0.41458,0.14926,0.14982,0.61520,0.86994,0.34509,0.11382,0.23708,0.00000,0.17370,0.00000
0.49878,0.15640,0.14943,0.46000,0.53615,0.31296,0.11906,0.36235,0.00000,0.18011,0.00000
0.39299,0.15543,0.13245,0.26064,0.22477,0.15686,0.08483,0.39697,0.00000,0.09143,0.00000
0.43216,0.13953,0.05986,0.38443,0.50089,0.15381,0.12691,0.39490,0.00000,0.03574,0.00000
0.51002,0.15892,-0.01061,0.48510,0.51734,0.16973,0.15361,0.35005,0.00000,0.05789,0.00000
0.40799,0.11807,-0.12337,0.42074,0.27182,0.05174,0.09248,0.15485,0.00000,-0.00887,0.00000
0.41212,0.13412,-0.12679,0.38688,0.19902,0.02976,0.07304,0.09745,0.00000,-0.00207,0.00000
0.32042,0.04352,-0.19646,0.24797,0.34992,-0.07343,0.02642,-0.02766,0.00000,-0.07616,0.00000
0.31772,-0.00833,-0.18882,0.11490,0.35004,-0.11054,0.01746,-0.01597,0.00000,-0.11384,0.00000
0.26381,-0.04852,-0.16327,0.01393,0.47710,-0.11452,0.04882,-0.09010,0.00000,-0.11488,0.00000
0.27369,-0.02061,-0.16651,-0.07548,0.61431,-0.11167,0.04117,-0.11850,0.00000,-0.10422,0.00000
0.28550,0.05539,-0.19200,-0.09615,0.59777,-0.13063,0.02159,-0.15323,0.00000,-0.08088,0.00000
0.24757,0.00436,-0.21577,-0.07825,0.69475,-0.20421,0.01227,-0.23251,0.00000,-0.04644,0.00000
0.04763,-0.04630,-0.25227,-0.12132,0.49622,-0.25003,0.09042,-0.32905,0.00000,-0.13711,0.00000
0.07030,-0.03609,-0.15474,-0.04641,0.31696,-0.12590,0.16399,-0.25488,0.00000,-0.08641,0.00000
-0.04308,-0.09538,-0.13355,-0.07522,0.08917,-0.17843,0.03589,-0.31395,0.00000,-0.12642,0.00000
-0.32257,-0.21056,-0.34059,-0.25012,-0.28627,-0.42299,-0.13263,-0.46862,0.00000,-0.25725,0.00000
-0.43443,-0.25785,-0.41995,-0.29262,-0.23265,-0.50517,-0.11846,-0.46349,0.00000,-0.25427,0.00000
-0.52530,-0.26585,-0.39304,-0.31412,-0.32894,-0.50435,-0.06883,-0.45060,0.00000,-0.27861,0.00000
-0.50942,-0.22763,-0.34720,-0.28503,-0.32829,-0.47689,-0.02442,-0.37427,0.00000,-0.21562,0.00000
-0.57249,-0.17785,-0.38919,-0.17706,-0.43532,-0.48755,-0.00762,-0.48263,0.00000,-0.22379,0.00000
-0.55470,-0.15195,-0.36268,-0.14040,-0.52953,-0.48179,-0.08194,-0.51432,0.00000,-0.21305,0.00000
-0.48972,-0.13087,-0.25491,-0.06573,-0.51803,-0.41255,-0.10203,-0.42519,0.00000,-0.16507,0.00000
-0.43313,-0.16056,-0.23327,-0.01286,-0.46385,-0.35896,-0.08534,-0.36748,0.00000,-0.14384,0.00000
-0.42864,-0.13201,-0.19121,0.00434,-0.49431,-0.31106,-0.03683,-0.29237,0.00000,-0.12702,0.00000
-0.36201,-0.09308,-0.09536,0.07739,-0.36709,-0.25782,-0.06330,-0.24375,0.00000,-0.02131,0.00000
-0.22415,-0.05897,-0.04799,0.09989,-0.15792,-0.24633,-0.06120,-0.26157,0.00000,0.02286,0.00000
-0.13080,0.02375,-0.00147,0.08817,-0.02768,-0.16513,0.00627,-0.12915,0.00000,0.16236,0.00000
0.20519,0.20308,0.45345,0.34183,0.46672,0.35370,0.14158,0.12101,0.00000,0.45845,0.00000
0.61055,0.39230,0.96275,0.39354,0.47411,0.81518,0.13479,0.19057,0.00000,0.64201,0.00000
1.00784,0.44744,0.85266,0.44271,0.64084,0.65563,0.15541,0.26045,0.00000,0.68838,0.00000
1.16974,0.39909,0.87662,0.39398,0.63297,0.75090,0.17159,0.30132,0.00000,0.65280,0.00000
1.58460,0.30149,0.94745,0.28652,0.63735,0.84136,0.16082,0.71141,0.00000,0.64290,0.00000
1.79344,0.37777,1.15651,0.32319,0.72247,1.03216,0.33795,1.43292,0.00000,0.74474,0.00000
0.92465,0.24950,0.77130,0.30712,0.39233,0.62998,0.31054,1.06438,0.00000,0.60161,0.00000
0.39819,0.14515,0.62241,0.21205,0.02753,0.25335,0.18333,0.97371,0.00000,0.44810,0.00000
0.35575,0.10556,0.51039,0.13842,0.06313,0.15662,0.09709,1.37707,0.00000,0.37437,0.00000
0.35819,0.09397,0.37432,0.12960,-0.01133,0.14262,0.02711,1.52365,0.00000,0.33315,0.00000
0.13718,0.06925,0.17552,0.08640,-0.14967,0.04911,-0.01128,0.87128,0.00000,0.27099,0.00000
0.16054,0.05311,0.17848,0.15518,-0.21076,0.06472,-0.00330,0.61439,0.00000,0.24129,0.00000
0.28291,0.09765,0.20978,0.11120,-0.20368,0.05203,0.07174,0.86409,0.00000,0.22363,0.00000
0.31005,0.09216,0.20864,0.15272,-0.14322,0.05672,0.11701,0.96873,0.00000,0.14347,0.00000
0.28169,0.05627,0.26226,0.09777,-0.11103,0.10133,0.09899,0.57920,0.00000,0.18829,0.00000
0.32846,0.09392,0.27302,0.05231,-0.08576,0.14273,0.08189,0.49554,0.00000,0.20414,0.00000
0.39639,0.14015,0.32266,0.08515,0.05490,0.21236,0.07178,0.42583,0.00000,0.21280,0.00000
0.32199,0.06603,0.20921,0.18322,0.22074,0.08467,0.06815,0.21722,0.00000,0.15471,0.00000
0.37408,0.03921,0.16413,0.34414,0.38988,0.04740,0.15856,0.16511,0.00000,0.18771,0.00000
0.54472,0.07523,0.23244,0.55296,0.64626,0.17489,0.31571,0.27860,0.00000,0.19282,0.00000
0.61031,0.07646,0.28476,0.55650,0.74680,0.18774,0.34181,0.17593,0.00000,0.15609,0.00000
0.68018,0.13609,0.43227,0.53962,1.15212,0.20116,0.37619,0.13733,0.00000,0.17817,0.00000
0.28322,0.04853,0.27707,0.47755,1.35153,-0.00250,0.25974,-0.04414,0.00000,0.05134,0.00000
0.09486,0.00087,0.20336,0.43061,1.42332,-0.08100,0.28469,-0.07328,0.00000,0.01821,0.00000
-0.00242,-0.03807,0.19157,0.45566,1.24744,-0.12237,0.25511,-0.11073,0.00000,0.02470,0.00000
0.00393,-0.01472,0.19170,0.33809,1.40850,-0.13084,0.23422,-0.11749,0.00000,0.00186,0.00000
-0.06512,0.00733,0.17385,0.42396,1.13717,-0.14064,0.21703,-0.11367,0.00000,-0.05974,0.00000
-0.01833,-0.00316,0.22862,0.54225,0.80274,-0.11537,0.30188,-0.09159,0.00000,-0.00350,0.00000
0.06389,-0.01350,0.26941,0.65890,0.63762,-0.07832,0.39588,-0.00301,0.00000,0.05463,0.00000
0.03434,0.02441,0.32230,0.59776,0.39364,-0.01084,0.36540,0.02243,0.00000,0.12171,0.00000
-0.01090,0.03669,0.31157,0.42481,0.16329,-0.03519,0.29569,0.04109,0.00000,0.08392,0.00000
-0.06315,0.05130,0.31892,0.19772,0.27539,-0.10188,0.23262,0.01364,0.00000,0.05734,0.00000
-0.07841,0.04019,0.34318,0.23138,0.16247,-0.06541,0.24898,0.05318,0.00000,0.07271,0.00000
-0.09560,0.00492,0.29576,0.30160,0.16480,-0.04726,0.30804,0.11084,0.00000,0.03954,0.00000
0.16029,0.11931,0.55420,0.24127,0.19770,0.20012,0.50543,0.28582,0.00000,0.22222,0.00000
0.28377,0.18545,0.66434,0.14970,0.28634,0.33082,0.49640,0.29741,0.00000,0.28865,0.00000
0.26843,0.15391,0.58646,0.06419,0.31909,0.33746,0.48616,0.26497,0.00000,0.25370,0.00000
0.25303,0.05997,0.49949,0.12725,0.17424,0.34700,0.48235,0.31994,0.00000,0.23241,0.00000
0.34695,0.06549,0.46432,0.12216,0.24537,0.40017,0.52918,0.31582,0.00000,0.25535,0.00000
0.31027,0.08925,0.45260,0.10327,0.45836,0.38888,0.43677,0.36410,0.00000,0.23321,0.00000
0.18664,0.12428,0.35840,0.05199,0.63260,0.30790,0.39640,0.23450,0.00000,0.23211,0.00000
0.25949,0.12842,0.34237,-0.04690,0.96731,0.29528,0.50392,0.36558,0.00000,0.23511,0.00000
0.24025,0.12774,0.31403,-0.02456,1.16098,0.30402,0.61058,0.29983,0.00000,0.21863,0.00000
0.35279,0.16024,0.40130,0.06708,0.99134,0.57537,0.66020,0.36472,0.00000,0.35573,0.00000
0.37593,0.14449,0.39866,0.09950,1.05356,0.66540,0.59729,0.37631,0.00000,0.43624,0.00000
0.38161,0.22469,0.38055,0.05480,0.81188,0.70020,0.61598,0.43372,0.00000,0.49612,0.00000
0.37218,0.66118,0.35710,0.07064,0.82225,0.64709,0.59196,0.45070,0.00000,0.48619,0.00000
0.38141,0.80885,0.30016,0.16095,0.74861,0.55984,0.61000,0.46803,0.00000,0.49071,0.00000
0.53343,0.93416,0.35414,0.29188,0.61696,0.58711,0.64818,0.49675,0.00000,0.52026,0.00000
0.60601,0.85360,0.41072,0.40495,0.41490,0.67283,0.70793,0.55847,0.00000,0.65502,0.00000
