0.10788,-0.01252,0.30409,0.50908,0.15569,0.01017,-0.01687,0.22565,-0.60031,-0.29905,0.00000
0.09756,-0.02613,0.31311,0.35748,0.11333,-0.02825,-0.13980,0.18507,-0.62032,-0.33821,0.00000
0.04085,-0.08324,0.23592,0.38034,0.00306,-0.09619,-0.19944,0.14267,-0.64808,-0.46522,0.00000
0.04519,-0.07786,0.38447,0.45846,0.07384,-0.03869,-0.10973,0.15910,-0.60819,-0.42083,0.00000
0.03000,-0.03907,0.46958,0.37813,0.09159,0.02836,0.06876,0.15422,-0.78383,-0.39254,0.00000
0.04629,0.02345,0.59864,0.24422,0.15719,0.06485,0.05564,0.19174,-0.76585,-0.30482,0.00000
-0.05986,-0.00389,0.41978,0.12513,0.11384,0.00610,0.26427,0.22058,-0.80493,-0.23681,0.00000
-0.07939,-0.03883,0.38834,0.11085,0.08620,-0.04061,0.23498,0.23187,-0.87064,-0.11529,0.00000
-0.05633,0.00812,0.36266,0.12102,0.16281,0.08707,0.39922,0.35496,-0.75941,0.15943,0.00000
-0.03961,-0.00200,0.37390,0.15308,0.14948,0.09410,0.35421,0.37495,-0.75844,0.02997,0.00000
-0.07163,-0.02017,0.31782,0.13662,0.05166,0.04015,0.04554,0.24027,-0.83924,-0.10241,0.00000
-0.06611,-0.04584,0.24875,0.08783,0.00166,-0.00616,-0.15643,0.23956,-0.84064,-0.18759,0.00000
-0.06732,-0.06125,0.07903,0.01163,0.00385,-0.05220,-0.20554,0.14521,-0.86282,-0.28559,0.00000
-0.07350,-0.07775,0.03610,0.03738,-0.03377,-0.02075,-0.05873,0.10546,-0.88019,-0.31707,0.00000
-0.05253,-0.02072,0.12179,-0.02989,-0.01284,0.00383,-0.10292,0.16842,-0.83614,-0.22025,0.00000
-0.07079,-0.02841,0.06385,-0.15505,-0.08952,-0.01207,-0.12426,0.07401,-0.92518,-0.21495,0.00000
-0.09754,-0.04997,0.01370,-0.16551,-0.07584,-0.01445,-0.13053,0.05448,-0.71850,-0.14519,0.00000
-0.09271,-0.09833,-0.06120,-0.16725,-0.08676,-0.02596,-0.12280,0.01863,-0.54859,-0.21448,0.00000
-0.01290,-0.10380,-0.09341,-0.16200,-0.09399,-0.03361,-0.09387,-0.01744,-0.30720,-0.22172,0.00000
-0.08216,-0.12589,-0.10727,-0.21660,-0.05729,-0.04213,-0.13378,-0.10560,0.08692,-0.21703,0.00000
-0.14423,-0.14242,-0.08975,-0.24057,-0.12277,-0.09013,-0.07703,-0.15473,-0.08529,-0.23601,0.00000
-0.12643,-0.12172,-0.08319,-0.26618,-0.12072,-0.04407,0.03729,-0.11591,0.33103,-0.16516,0.00000
-0.11869,-0.10268,-0.06225,-0.26946,-0.07628,-0.00181,0.19160,-0.08089,0.95217,-0.08950,0.00000
-0.08171,-0.03060,-0.01675,-0.18888,0.05427,0.10817,0.48387,-0.07452,1.47897,0.04580,0.00000
-0.03168,0.03078,0.07037,-0.11250,0.14301,0.21609,0.75990,0.03107,2.90393,0.26650,0.00000
-0.01757,0.06651,0.11928,-0.19196,0.14142,0.17212,0.51474,0.04795,4.48486,0.54145,0.00000
0.02470,0.07963,0.13340,-0.09381,0.19224,0.23420,0.71319,0.08247,4.25714,0.77946,0.00000
0.05843,0.11457,0.20314,0.10112,0.29334,0.29827,0.56854,0.16366,10.59186,0.76427,0.00000
0.08285,0.09742,0.18737,0.21289,0.32918,0.22756,0.32169,0.11325,4.65012,0.50374,0.00000
0.13368,0.11739,0.19568,0.29676,0.36820,0.33586,0.40098,0.15667,1.98751,0.52802,0.00000
0.13441,0.18672,0.27667,0.27535,0.49232,0.43574,0.43815,0.21307,1.63155,0.51640,0.00000
0.26972,0.24986,0.33605,0.36382,0.43502,0.57443,0.49707,0.21353,1.41224,0.50774,0.00000
0.34327,0.24917,0.33036,0.43899,0.44331,0.56500,0.39435,0.21573,1.11113,0.42448,0.00000
0.36055,0.21260,0.26945,0.53778,0.46656,0.48945,0.44920,0.20353,0.96258,0.41979,0.00000
0.25651,0.12762,0.18653,0.51994,0.37028,0.36009,0.32147,0.12848,0.64190,0.32549,0.00000
0.23682,0.07894,0.19971,0.42415,0.33260,0.28200,0.20450,0.14683,0.70017,0.35830,0.00000
0.18203,0.04514,0.16684,0.48590,0.44408,0.20519,0.09716,0.14471,0.55783,0.24092,0.00000
0.17267,-0.00830,0.12929,0.71326,0.38972,0.25243,0.08925,0.12133,0.40761,0.19240,0.00000
0.17770,-0.02653,0.11277,0.56939,0.45517,0.30677,0.10020,0.15272,0.40770,0.14337,0.00000
0.16569,-0.02856,0.08035,0.39831,0.51406,0.33739,0.15797,0.17875,0.46778,0.14490,0.00000
0.16436,-0.00915,0.12054,0.32968,0.47914,0.46843,0.20239,0.22585,0.60366,0.19653,0.00000
0.11314,0.03567,0.16213,0.27554,0.35394,0.51157,0.17210,0.21893,0.68838,0.28675,0.00000
0.09180,0.01543,0.15282,0.26363,0.26735,0.36541,0.10871,0.17569,0.56939,0.21916,0.00000
0.12739,0.04089,0.14546,0.26347,0.41479,0.32243,0.13469,0.25818,0.58407,0.28868,0.00000
0.15324,0.02642,0.10999,0.24640,0.46157,0.26259,0.12793,0.29399,0.65778,0.35035,0.00000
0.07922,-0.01754,0.06956,0.21447,0.44729,0.17313,0.11295,0.22090,0.39822,0.20481,0.00000
0.11206,0.00172,0.10408,0.25182,0.44504,0.21295,0.18279,0.27018,0.29297,0.19290,0.00000
0.08954,0.00306,0.10708,0.19937,0.55458,0.27154,0.20507,0.23961,0.30948,0.19699,0.00000
0.11319,0.02906,0.17628,0.15675,0.59839,0.38156,0.36927,0.25705,0.45528,0.24234,0.00000
0.09486,0.06007,0.15344,0.10791,0.74510,0.33596,0.37274,0.29337,0.59578,0.19353,0.00000
0.04957,0.04945,0.09440,0.11362,0.71250,0.31538,0.36105,0.25304,0.63197,0.14209,0.00000
0.00915,0.02051,0.04850,0.12167,0.46278,0.28921,0.35974,0.25791,0.44780,0.12000,0.00000
-0.01038,0.00198,0.04106,0.12228,0.50168,0.26834,0.49326,0.18134,0.44134,0.11493,0.00000
-0.01364,-0.04697,0.00892,0.13472,0.59428,0.23433,0.49313,0.18982,0.50553,0.14491,0.00000
0.00685,-0.04485,0.05761,0.16330,0.75003,0.29491,0.69035,0.24759,0.57806,0.28019,0.00000
-0.00426,-0.06205,0.05036,0.16715,0.55758,0.31885,0.77046,0.24051,0.72562,0.21520,0.00000
-0.00096,-0.04432,0.09883,0.23245,0.48242,0.40254,0.85178,0.29759,0.65424,0.16551,0.00000
0.03823,-0.02247,0.24087,0.25477,0.66187,0.51524,0.71859,0.30367,0.84699,0.24317,0.00000
0.04139,-0.03413,0.29349,0.26496,0.65464,0.43119,0.52203,0.24762,0.91436,0.13059,0.00000
0.02837,-0.05743,0.22794,0.24914,0.39104,0.28789,0.47804,0.18880,0.56059,0.03181,0.00000
0.01624,-0.06382,0.18168,0.30710,0.39154,0.23854,0.40865,0.16111,0.47236,0.01018,0.00000
0.00784,-0.04329,0.18724,0.32599,0.28747,0.28081,0.38834,0.10948,0.51280,0.12870,0.00000
0.05334,-0.00507,0.31059,0.33063,0.05765,0.27368,0.32096,0.13799,0.47999,0.17970,0.00000
0.12081,0.02834,0.48407,0.31348,0.22914,0.31415,0.39270,0.20524,0.55794,0.21316,0.00000
0.10560,0.05033,0.39393,0.27231,0.27073,0.26269,0.36717,0.20203,0.43629,0.17685,0.00000
0.11732,0.06618,0.45365,0.22796,0.29284,0.25016,0.36960,0.18612,0.35801,0.11798,0.00000
0.11880,0.07723,0.43559,0.19256,0.07373,0.26048,0.22903,0.17007,0.36008,0.05443,0.00000
0.10536,0.08377,0.34769,0.16304,0.11098,0.24178,0.18805,0.19411,0.27928,0.06089,0.00000
0.08099,0.07305,0.24773,0.08895,0.11393,0.16459,0.09065,0.11015,0.25319,0.07590,0.00000
0.08597,0.08565,0.20893,0.11903,0.08580,0.15063,0.22840,0.15402,0.22306,0.11538,0.00000
0.10960,0.08466,0.16310,0.11288,0.18135,0.17342,0.32394,0.17721,0.23447,0.23382,0.00000
0.12558,0.10342,0.16598,0.10414,0.33748,0.22294,0.23656,0.20596,0.39641,0.32764,0.00000
0.16025,0.10771,0.19829,0.08340,0.25042,0.18293,0.17825,0.21359,0.35744,0.37165,0.00000
0.14953,0.06998,0.22715,0.06741,0.15533,0.08129,0.18615,0.21620,0.13838,0.23668,0.00000
0.14627,0.03377,0.24767,0.06827,0.43388,0.07064,0.26037,0.19982,0.12780,0.20806,0.00000
0.14678,0.02387,0.21737,0.07513,0.43504,0.07452,0.25719,0.19036,0.17826,0.17897,0.00000
0.11406,-0.03472,0.00702,0.07485,0.30607,-0.03375,0.13781,0.12778,0.18352,0.07545,0.00000
0.11228,-0.04049,-0.03023,0.10815,0.26552,-0.04722,0.11511,0.09417,0.14097,0.06169,0.00000
0.06467,-0.07952,-0.18727,0.07628,0.27890,-0.13839,0.10460,0.01538,-0.02754,-0.03388,0.00000
0.07445,-0.07430,-0.14169,0.06565,0.21589,-0.16071,0.07045,0.01832,-0.01888,-0.07487,0.00000
0.05265,-0.07803,-0.15797,0.06901,0.21147,-0.19905,0.10841,0.01617,-0.00136,-0.09607,0.00000
0.07568,-0.07974,-0.16763,0.03767,0.18404,-0.19537,0.08725,0.01600,0.04864,-0.08018,0.00000
0.06233,-0.05053,-0.15856,0.00298,0.22468,-0.21416,0.06737,0.03603,0.09276,-0.02232,0.00000
0.08202,-0.07292,-0.23537,-0.01934,0.16978,-0.29047,0.05387,0.02633,0.02377,-0.01692,0.00000
0.02048,-0.10970,-0.31628,-0.05328,0.03299,-0.33230,0.12922,-0.00718,-0.06004,-0.05918,0.00000
0.07573,-0.08480,-0.23272,-0.02354,0.06481,-0.26328,0.19826,0.04353,0.04909,0.02517,0.00000
0.02043,-0.10616,-0.25421,-0.05509,-0.13499,-0.26706,0.00366,-0.01482,-0.06706,-0.09973,0.00000
-0.14993,-0.21717,-0.44539,-0.12834,-0.45622,-0.40295,-0.15653,-0.22698,-0.27628,-0.32194,0.00000
-0.14544,-0.25174,-0.45320,-0.18062,-0.49488,-0.48459,-0.14101,-0.25377,-0.39081,-0.36746,0.00000
-0.15362,-0.25482,-0.41590,-0.21744,-0.53123,-0.51554,-0.11071,-0.23815,-0.33568,-0.38732,0.00000
-0.12437,-0.24112,-0.37647,-0.22061,-0.44627,-0.52437,-0.07723,-0.17604,-0.22368,-0.31669,0.00000
-0.16277,-0.26507,-0.43487,-0.24482,-0.49411,-0.56804,-0.03980,-0.23854,-0.26737,-0.33556,0.00000
-0.17672,-0.25647,-0.38636,-0.24227,-0.50693,-0.54089,-0.15901,-0.28851,-0.22681,-0.32032,0.00000
-0.12794,-0.22403,-0.31258,-0.19052,-0.48362,-0.45586,-0.22572,-0.20380,-0.21173,-0.26904,0.00000
-0.12811,-0.21969,-0.30240,-0.16752,-0.47304,-0.37539,-0.23859,-0.19277,-0.32668,-0.28366,0.00000
-0.12934,-0.21242,-0.26181,-0.15266,-0.46684,-0.27925,-0.15922,-0.18258,-0.28639,-0.23402,0.00000
-0.10564,-0.19553,-0.19719,-0.12070,-0.42785,-0.23002,-0.14512,-0.17113,-0.20212,-0.16953,0.00000
-0.07687,-0.18422,-0.19793,-0.10431,-0.37987,-0.19474,-0.13050,-0.14175,-0.21069,-0.17007,0.00000
-0.03413,-0.13600,-0.13476,-0.03321,-0.26908,-0.14981,0.02595,-0.07911,-0.06221,-0.07827,0.00000
0.16886,0.05560,0.36990,0.07424,0.24750,0.14206,0.13651,0.16992,0.21926,0.23756,0.00000
0.20495,0.21233,0.87823,0.16559,0.37331,0.49023,0.38606,0.22159,0.52073,0.46692,0.00000
0.20528,0.25489,0.72191,0.22568,0.35484,0.52927,0.52361,0.21142,0.48177,0.55407,0.00000
0.21066,0.28511,0.80522,0.27339,0.29335,0.70696,0.73406,0.20899,0.48264,0.53466,0.00000
0.29226,0.33865,1.57987,0.33519,0.31882,0.83133,0.97917,0.26535,0.49596,0.54266,0.00000
0.39406,0.47376,2.59111,0.38607,0.40092,1.04296,1.56067,0.47823,0.45725,0.61814,0.00000
0.26227,0.32168,1.26742,0.29495,0.36667,0.62795,1.57770,0.33114,0.29698,0.40877,0.00000
0.20691,0.18618,0.64329,0.25175,0.12291,0.26412,1.07355,0.18319,0.35252,0.26803,0.00000
0.19572,0.14691,0.80177,0.27357,0.10817,0.15062,0.30732,0.13172,0.42367,0.13616,0.00000
0.18895,0.14976,0.70652,0.26197,0.16295,0.15023,0.05206,0.13845,0.41383,0.04441,0.00000
0.12856,0.10241,0.47619,0.19939,0.11691,0.01513,-0.01438,0.08071,0.43550,0.00010,0.00000
0.12617,0.09260,0.39140,0.19677,0.07949,0.00694,-0.02678,0.07516,0.40247,0.02327,0.00000
0.15072,0.13350,0.58620,0.19952,0.08551,0.00863,0.08160,0.12190,0.34041,0.01585,0.00000
0.17492,0.15700,0.82082,0.26481,0.11285,0.02266,0.16445,0.11236,0.29677,0.04180,0.00000
0.20594,0.14482,0.81725,0.30351,0.24527,0.06677,0.17037,0.11995,0.22061,0.03622,0.00000
0.20338,0.19414,0.72384,0.26544,0.30265,0.10388,0.14591,0.14679,0.16523,0.11572,0.00000
0.22560,0.31339,0.79010,0.28295,0.55095,0.17374,0.13716,0.16900,0.27085,0.21804,0.00000
0.18193,0.24695,0.49228,0.27169,0.53279,0.04184,0.15445,0.08915,0.17506,0.12102,0.00000
0.23444,0.21711,0.42294,0.30601,0.46323,-0.00497,0.30586,0.07810,0.21849,0.11548,0.00000
0.65312,0.28948,0.45189,0.39488,0.50327,0.06850,0.46593,0.17980,0.31282,0.20063,0.00000
0.65626,0.32683,0.38606,0.37855,0.47482,0.06266,0.52994,0.17599,0.17490,0.17271,0.00000
0.69810,0.35593,0.48935,0.33174,0.47967,0.09258,0.64253,0.16648,0.15623,0.19147,0.00000
0.34017,0.13778,0.32455,0.26327,0.24845,-0.02318,0.50844,0.05037,0.08032,0.02920,0.00000
0.18568,0.09993,0.27042,0.33593,0.14945,-0.08921,0.56352,-0.00426,0.07298,0.01714,0.00000
0.06916,0.10210,0.16191,0.33763,0.07832,-0.11434,0.47386,-0.00492,0.09030,0.05618,0.00000
0.13046,0.11780,0.09972,0.29204,0.10933,-0.14519,0.30078,0.04008,0.10445,0.05006,0.00000
0.08816,0.09510,0.06736,0.30402,0.02864,-0.17521,0.25499,0.02912,0.16800,0.00641,0.00000
0.14980,0.09480,0.13080,0.31675,0.01686,-0.14462,0.39808,0.03529,0.22351,-0.00618,0.00000
0.20412,0.04127,0.20267,0.33422,-0.04460,-0.08494,0.51768,0.06245,0.18146,0.02863,0.00000
0.16556,0.03519,0.29888,0.34692,-0.08840,-0.02739,0.41749,0.08781,0.23978,0.09006,0.00000
0.14610,-0.00818,0.25686,0.27515,-0.17382,-0.04299,0.36157,0.06676,0.26182,0.05997,0.00000
0.15264,-0.01768,0.20412,0.20457,-0.19627,-0.08896,0.32917,0.03705,0.25266,-0.00675,0.00000
0.18618,-0.01691,0.18769,0.29594,-0.20029,-0.05026,0.30759,0.03143,0.31890,0.03868,0.00000
0.21183,-0.00450,0.10008,0.39480,-0.18126,-0.05966,0.31651,0.07207,0.36483,0.04827,0.00000
0.51852,0.20042,0.22893,0.42028,0.04656,0.12585,0.51121,0.22853,0.41243,0.28193,0.00000
0.64297,0.25520,0.27265,0.29219,0.15630,0.25466,0.49830,0.25848,0.34400,0.25478,0.00000
0.67481,0.21501,0.25514,0.20332,0.13638,0.25841,0.53706,0.21097,0.34255,0.17975,0.00000
0.47885,0.13106,0.19166,0.16835,0.07155,0.26399,0.58703,0.16794,0.31967,0.13537,0.00000
0.54060,0.13733,0.20880,0.12705,0.08977,0.32478,0.62856,0.19414,0.30362,0.21791,0.00000
0.54081,0.14635,0.21490,0.15011,0.06655,0.31512,0.50480,0.20616,0.28831,0.20414,0.00000
0.38694,0.16673,0.13292,0.15740,0.01796,0.21689,0.42158,0.16000,0.20690,0.13849,0.00000
0.42539,0.20487,0.10554,0.13415,0.01416,0.20344,0.57883,0.17987,0.24141,0.16309,0.00000
0.33091,0.25792,0.09434,0.17109,0.06921,0.19619,0.68929,0.18412,0.28345,0.19631,0.00000
0.47655,0.33628,0.23786,0.24674,0.24178,0.40457,0.77809,0.28566,0.26471,0.27710,0.00000
0.52033,0.36848,0.27863,0.16439,0.26683,0.48836,0.74411,0.35034,0.14726,0.32100,0.00000
0.48314,0.46365,0.35753,0.14211,0.25616,0.54084,0.84056,0.36946,0.05359,0.39673,0.00000
0.40849,0.69272,0.34120,0.14045,0.19369,0.49354,0.78322,0.34958,-0.00336,0.32458,0.00000
0.38280,0.77465,0.30595,0.16634,0.21282,0.41329,0.77822,0.34428,0.04630,0.37423,0.00000
0.41851,0.85926,0.31786,0.23112,0.22275,0.42411,0.77207,0.38742,0.06215,0.42969,0.00000
0.46430,0.79333,0.38156,0.28111,0.26848,0.51621,0.86375,0.44027,0.06941,0.49566,0.00000
0.37093,0.69254,0.38696,0.26696,0.21666,0.49321,0.89398,0.41450,0.03969,0.44106,0.00000
0.26741,0.64540,0.29501,0.22785,0.13281,0.41127,0.87316,0.39509,0.05747,0.43286,0.00000
0.31676,0.74390,0.28519,0.18889,0.12189,0.37281,0.91268,0.43791,0.09625,0.48901,0.00000
0.36621,0.73549,0.30428,0.22043,0.15943,0.36241,0.68504,0.44094,0.07448,0.45030,0.00000
0.39505,0.59213,0.24023,0.16509,0.28437,0.32229,0.45346,0.40066,0.03314,0.35652,0.00000
0.32568,0.57875,0.15402,0.14012,0.25082,0.23740,0.42676,0.31998,0.08591,0.34629,0.00000
0.34461,0.73357,0.19102,0.22036,0.35099,0.24058,0.54988,0.34270,0.20430,0.44281,0.00000
0.31696,0.61824,0.16480,0.13168,0.32011,0.20722,0.48148,0.31844,0.26667,0.42094,0.00000
0.32509,0.42947,0.15535,0.15711,0.24252,0.20216,0.52377,0.28326,0.42729,0.41299,0.00000
0.28251,0.33673,0.09866,0.16860,0.16664,0.22104,0.50174,0.30201,0.33116,0.37699,0.00000
0.09684,0.24489,0.07180,0.15927,0.00209,0.16416,0.44578,0.21752,0.25197,0.25609,0.00000
0.07484,0.33390,0.06339,0.22180,-0.02587,0.18219,0.46520,0.27207,0.30399,0.29983,0.00000
0.04378,0.35422,0.03068,0.26968,-0.07941,0.17156,0.40839,0.24026,0.29973,0.31252,0.00000
0.03960,0.29409,0.04412,0.30850,-0.08850,0.12087,0.33928,0.19502,0.22556,0.24854,0.00000
0.09406,0.28386,0.11105,0.40536,-0.01565,0.18985,0.30077,0.20209,0.20794,0.24156,0.00000
0.01407,0.30462,0.05727,0.34658,-0.10450,0.17895,0.36810,0.15958,0.20242,0.23382,0.00000
0.04950,0.39075,0.11218,0.38930,-0.08874,0.22422,0.45715,0.18124,0.17948,0.27357,0.00000
0.05018,0.30944,0.07621,0.34707,-0.15776,0.25120,0.39864,0.17717,0.08152,0.29034,0.00000
0.02962,0.24062,0.06645,0.28427,-0.24166,0.23035,0.37303,0.15268,0.07283,0.22102,0.00000
-0.02682,0.27189,0.08631,0.38077,-0.32631,0.21083,0.33505,0.17637,0.05908,0.17526,0.00000
-0.11763,0.22449,0.08503,0.40189,-0.37930,0.17713,0.23577,0.16764,0.00877,0.17583,0.00000
-0.16704,0.18252,0.06649,0.33009,-0.39217,0.06440,0.08636,0.11402,-0.05160,0.12578,0.00000
-0.02583,0.28176,0.13719,0.38179,-0.24226,0.10760,0.05274,0.19288,0.03236,0.25720,0.00000
0.02697,0.28022,0.09996,0.26381,-0.24532,0.09551,0.03112,0.14404,0.00646,0.20660,0.00000
-0.00419,0.21178,0.07000,0.26490,-0.27839,0.05651,0.01033,0.11989,-0.01010,0.18723,0.00000
-0.11319,0.15198,-0.01273,0.26279,-0.39635,-0.02111,-0.08366,0.05050,-0.03460,0.11412,0.00000
-0.17114,0.08857,-0.03930,0.21535,-0.46917,-0.09421,-0.15482,0.01083,-0.07317,0.01515,0.00000
-0.06758,0.11594,0.08300,0.27627,-0.33305,-0.04240,-0.16213,0.07398,0.04421,0.09213,0.00000
-0.07288,0.13907,0.04197,0.22561,-0.33399,-0.01431,-0.09032,0.11248,0.12005,0.15124,0.00000
-0.13073,0.20036,0.02317,0.23017,-0.30914,-0.01631,-0.15540,0.13799,0.14308,0.12260,0.00000
