0.05656,0.05270,0.07164,-0.03186,0.12410,-0.03724,-0.10221,0.29479,0.00000,-0.29592,0.00000
-0.00785,0.03945,0.07215,0.01630,0.09057,-0.08689,-0.15928,0.24343,-0.60278,-0.31423,0.00000
-0.09060,-0.06234,0.00470,-0.04370,-0.06721,-0.15746,-0.26576,0.13855,-0.95702,-0.40978,0.00000
-0.10992,-0.04618,0.03471,0.05132,-0.01990,-0.09257,-0.24812,0.22863,-0.92718,-0.19900,0.00000
-0.08229,0.00625,0.07481,0.05435,0.00447,-0.01822,-0.22549,0.16580,-0.84490,-0.08649,0.00000
-0.03329,0.07559,0.12853,0.02503,-0.03354,0.02654,-0.18484,0.16614,-0.59253,0.22082,0.00000
-0.19119,0.05676,0.09084,0.02270,-0.13261,-0.03092,-0.19779,0.14053,-0.39520,0.19019,0.00000
-0.20181,0.00987,0.05472,0.05287,-0.13599,-0.06227,-0.24010,0.16745,-0.67506,0.11107,0.00000
-0.17703,0.06010,0.08178,0.12275,-0.09871,0.06645,-0.05329,0.22569,-0.50659,0.20854,0.00000
-0.15475,0.04902,0.09563,0.07009,-0.01663,0.05637,0.03178,0.23163,-0.33686,0.07489,0.00000
-0.16842,0.03189,0.04524,0.01810,-0.12891,-0.02809,-0.16157,0.13889,-0.64720,-0.05423,0.00000
-0.20355,-0.00809,0.00416,0.03395,-0.14796,-0.05970,-0.27628,0.08259,-0.68004,-0.12549,0.00000
-0.21467,-0.01224,-0.04527,-0.03090,-0.12089,-0.08957,-0.34576,0.00829,-0.63856,-0.23972,0.00000
-0.20153,-0.01863,-0.05411,-0.04918,-0.14293,-0.06402,-0.27263,0.01225,-0.66127,-0.24710,0.00000
-0.16533,0.10618,0.01916,0.02221,-0.05701,-0.02651,-0.20643,0.09563,-0.51959,-0.18406,0.00000
-0.14206,0.09147,0.04303,-0.02211,-0.08655,-0.06210,-0.20510,0.06161,-0.49042,-0.21061,0.00000
-0.16436,0.03531,0.01082,-0.03461,-0.04812,-0.05733,-0.24942,0.05233,-0.68969,-0.19104,0.00000
-0.19722,-0.02043,-0.02800,-0.06467,0.07263,-0.07828,-0.24332,0.00734,-0.86475,-0.26439,0.00000
-0.08106,-0.05861,-0.05440,-0.09136,0.11875,-0.09204,-0.21638,-0.04417,-0.93873,-0.27734,0.00000
-0.21015,-0.07194,-0.07069,-0.12442,0.07309,-0.10089,-0.25938,-0.14200,-0.92889,-0.27116,0.00000
-0.26275,-0.08991,-0.08383,-0.11271,0.04162,-0.13446,-0.27893,-0.18489,-0.90793,-0.27624,0.00000
-0.24186,-0.07896,-0.07078,-0.04720,0.05424,-0.07094,-0.19481,-0.14761,-0.87009,-0.23941,0.00000
-0.19952,-0.06933,-0.04865,-0.01853,0.12059,-0.02727,-0.02848,-0.11808,-0.63559,-0.13200,0.00000
-0.12194,-0.01344,-0.00803,-0.00835,0.30643,0.08525,0.19225,-0.03374,-0.32842,0.01098,0.00000
0.00131,0.02930,0.05395,0.07197,0.48370,0.17718,0.44723,0.05551,-0.02798,0.22124,0.00000
0.02208,0.03736,0.08155,0.09161,0.54832,0.15204,0.27374,0.09825,0.28900,0.35965,0.00000
0.09585,0.06474,0.11309,0.06904,0.61293,0.21313,0.40567,0.16985,1.34724,0.52611,0.00000
0.16686,0.10175,0.14452,0.08282,0.79926,0.26677,0.57252,0.24162,1.44325,0.53278,0.00000
0.17227,0.08610,0.11401,0.06834,0.76369,0.18870,0.51718,0.17998,1.21839,0.31546,0.00000
0.25953,0.09101,0.13945,0.05567,0.82491,0.28888,0.38415,0.22866,2.45244,0.36329,0.00000
0.30802,0.16960,0.20886,0.08810,1.14281,0.37944,0.46480,0.31265,6.03319,0.46601,0.00000
0.62144,0.21688,0.27337,0.15617,1.26813,0.52181,0.61053,0.39140,6.90511,0.45099,0.00000
0.78639,0.21655,0.26817,0.12810,1.19355,0.50806,0.50238,0.44062,8.29445,0.43546,0.00000
0.76308,0.19268,0.23297,0.06561,1.10156,0.41018,0.46590,0.44383,9.18822,0.47000,0.00000
0.52057,0.11239,0.16503,0.02554,0.67873,0.30321,0.27340,0.32460,4.31125,0.24185,0.00000
0.50289,0.06431,0.16685,0.02068,0.56232,0.21968,0.14676,0.33957,2.75931,0.30596,0.00000
0.42199,0.04257,0.14949,-0.02367,0.69150,0.14614,0.08019,0.33038,1.41815,0.20864,0.00000
0.44759,0.00912,0.12480,-0.04981,0.54864,0.17014,0.08518,0.23433,0.96684,0.18971,0.00000
0.45021,-0.02945,0.11539,-0.04474,0.63034,0.21484,0.06679,0.21469,0.56432,0.21423,0.00000
0.42341,-0.04318,0.11100,-0.05481,0.69953,0.23539,0.02749,0.18585,0.83553,0.31237,0.00000
0.38180,-0.02264,0.13988,-0.03222,1.00434,0.33712,0.20369,0.24760,0.81877,0.58220,0.00000
0.27696,0.03585,0.14777,-0.01736,1.04766,0.37120,0.24900,0.22478,0.48489,0.75677,0.00000
0.18586,0.01387,0.12949,-0.02683,0.72550,0.25932,0.15548,0.13455,0.24684,0.67127,0.00000
0.20083,0.04375,0.11319,-0.06865,0.95042,0.23276,0.14907,0.18140,0.49100,0.91288,0.00000
0.22993,0.02689,0.09725,-0.08128,0.94622,0.18432,0.13305,0.21328,0.32654,0.81082,0.00000
0.13103,-0.01546,0.07336,-0.09676,0.80900,0.11878,0.09640,0.11119,0.23666,0.63222,0.00000
0.21267,0.00793,0.09771,-0.07282,0.87194,0.14830,0.19958,0.15325,0.17818,0.62919,0.00000
0.22384,0.01944,0.09237,-0.06842,0.93853,0.19662,0.21478,0.10769,0.24557,0.53915,0.00000
0.28220,0.03264,0.11154,-0.03546,1.08235,0.30388,0.37295,0.14012,0.49533,0.65044,0.00000
0.23195,0.04550,0.09397,-0.04778,1.29132,0.27292,0.50648,0.18924,0.29380,0.73222,0.00000
0.16517,0.03687,0.05810,-0.07431,1.26950,0.25017,0.48158,0.16071,0.33188,0.67235,0.00000
0.12848,0.01341,0.03708,-0.04761,1.03822,0.24110,0.48734,0.15886,0.04801,0.52919,0.00000
0.10390,-0.00361,0.03053,-0.01150,0.80960,0.22915,0.48156,0.10663,-0.00817,0.44152,0.00000
0.11841,-0.05202,-0.00181,-0.01426,0.84426,0.19099,0.44600,0.09451,0.02070,0.46642,0.00000
0.18265,-0.04810,0.02967,-0.04246,0.97906,0.24044,0.58109,0.18811,0.08934,0.52164,0.00000
0.17536,-0.07443,0.03424,-0.02918,0.63429,0.25858,0.59438,0.23249,0.08446,0.30753,0.00000
0.12400,-0.06171,0.06986,-0.01554,0.50990,0.32996,0.72104,0.26807,0.31966,0.28597,0.00000
0.21914,-0.03785,0.19210,0.00482,0.69120,0.45188,0.72291,0.37005,0.49178,0.42254,0.00000
0.21613,-0.06586,0.26575,0.02382,0.61046,0.37856,0.51693,0.33377,0.72562,0.34483,0.00000
0.12692,-0.09827,0.21668,0.01736,0.31148,0.26179,0.38628,0.24424,0.33073,0.19637,0.00000
0.07906,-0.10907,0.19878,-0.02802,0.24803,0.21620,0.28880,0.21669,0.12871,0.13885,0.00000
0.06008,-0.08448,0.18879,0.00594,0.19832,0.25609,0.18723,0.18653,0.36692,0.23205,0.00000
0.06787,-0.04966,0.27537,0.07089,-0.04347,0.25679,0.17710,0.20593,0.47780,0.25772,0.00000
0.17178,-0.01780,0.39695,0.07186,0.02215,0.29711,0.26577,0.26419,0.74956,0.29196,0.00000
0.22444,0.00895,0.32832,0.01315,0.13188,0.24420,0.22010,0.21532,0.88490,0.23824,0.00000
0.23956,0.02877,0.38126,0.02453,0.12565,0.25003,0.22514,0.21570,0.89475,0.18077,0.00000
0.21537,0.02048,0.37326,0.07378,-0.03684,0.26381,0.15227,0.17521,0.77694,0.12824,0.00000
0.18450,0.04025,0.29253,0.06928,0.05722,0.23348,0.07841,0.16239,0.78550,0.14918,0.00000
0.20095,0.03565,0.21464,0.03498,0.09096,0.15608,0.00071,0.08651,0.53342,0.17539,0.00000
0.21782,0.03858,0.16034,0.07119,0.07678,0.13377,0.05554,0.09037,0.49080,0.16846,0.00000
0.26619,0.05435,0.09280,0.06361,0.19734,0.18065,0.14262,0.13274,0.35957,0.32151,0.00000
0.37777,0.08809,0.10385,0.08110,0.37882,0.22877,0.16090,0.20573,0.63532,0.52500,0.00000
0.43349,0.11371,0.12142,0.10690,0.23410,0.18190,0.18448,0.24352,0.84363,0.65079,0.00000
0.41122,0.05120,0.20360,0.06328,0.07793,0.07140,0.23565,0.22789,0.64569,0.43718,0.00000
0.54465,0.02479,0.26288,0.02013,0.29801,0.05853,0.23863,0.23107,0.43159,0.42166,0.00000
0.61861,0.02232,0.25220,0.04190,0.38320,0.06494,0.18268,0.21764,0.51716,0.51117,0.00000
0.53798,-0.02743,0.06695,0.08082,0.28169,-0.01671,0.12679,0.13970,0.48215,0.41362,0.00000
0.53344,-0.02532,-0.00031,0.11256,0.25783,-0.03175,0.15093,0.15235,0.30428,0.45206,0.00000
0.49594,-0.04853,-0.14362,0.08842,0.30808,-0.12083,0.07303,0.06432,0.02184,0.27227,0.00000
0.53101,-0.04607,-0.11501,0.07792,0.30811,-0.15145,0.03413,0.04461,-0.14936,0.13089,0.00000
0.50843,-0.03039,-0.15204,0.09534,0.36320,-0.16926,-0.01153,0.04086,-0.24413,0.12318,0.00000
0.56418,-0.04648,-0.16453,0.13191,0.38728,-0.15539,0.00999,0.04759,-0.10612,0.19571,0.00000
0.55197,-0.05944,-0.16253,0.14622,0.44151,-0.16161,0.01324,0.06054,0.08508,0.21884,0.00000
0.58117,-0.08280,-0.24775,0.14213,0.46553,-0.22308,0.08897,0.04012,0.08988,0.14255,0.00000
0.40833,-0.12783,-0.34954,0.14701,0.36834,-0.24866,0.10527,-0.04751,-0.04569,0.01194,0.00000
0.40017,-0.05728,-0.29238,0.20351,0.37840,-0.17433,0.16272,-0.00105,-0.12617,0.07061,0.00000
0.14495,-0.11130,-0.35579,0.22686,0.13702,-0.21724,0.04181,-0.05548,-0.13537,-0.09019,0.00000
-0.22974,-0.20563,-0.53566,0.09496,-0.29383,-0.36550,-0.16627,-0.27828,-0.42118,-0.32410,0.00000
-0.23585,-0.21049,-0.56393,0.07185,-0.31434,-0.44840,-0.16110,-0.30635,-0.51369,-0.36305,0.00000
-0.23097,-0.21265,-0.54294,0.04806,-0.41058,-0.46777,-0.15738,-0.33045,-0.50240,-0.39228,0.00000
-0.17506,-0.20607,-0.51447,0.01887,-0.34127,-0.45195,-0.07265,-0.28293,-0.31037,-0.33381,0.00000
-0.19109,-0.21514,-0.58227,-0.01088,-0.42535,-0.45357,-0.03887,-0.36678,-0.28213,-0.27865,0.00000
-0.23515,-0.18768,-0.56975,-0.02592,-0.47844,-0.42974,-0.09955,-0.39662,-0.22095,-0.27866,0.00000
-0.22151,-0.18696,-0.47736,-0.06392,-0.45217,-0.36827,-0.16716,-0.32267,-0.18569,-0.23656,0.00000
-0.21953,-0.19720,-0.42936,-0.07969,-0.40091,-0.32057,-0.14197,-0.32118,-0.22155,-0.26316,0.00000
-0.24619,-0.20234,-0.37994,-0.08222,-0.41556,-0.24677,-0.13570,-0.31007,-0.23812,-0.20420,0.00000
-0.24443,-0.18297,-0.32223,-0.08034,-0.34847,-0.20971,-0.13023,-0.27455,-0.14427,-0.10452,0.00000
-0.18710,-0.23362,-0.29572,-0.06008,-0.27138,-0.19099,-0.12378,-0.22053,0.06444,-0.07336,0.00000
-0.06168,-0.18889,-0.19648,-0.06793,-0.11443,-0.10201,-0.04566,-0.14573,0.18998,0.09355,0.00000
0.39345,-0.10009,0.38105,0.01075,0.44073,0.21175,0.15437,0.14284,0.63607,0.43944,0.00000
0.49670,-0.03192,1.01616,0.04607,0.38986,0.57837,0.30777,0.29442,0.93498,0.60094,0.00000
0.49236,-0.00077,0.93038,0.05346,0.56108,0.52086,0.36745,0.30953,1.05566,0.66634,0.00000
0.37360,0.02767,0.95789,0.07956,0.57167,0.61119,0.36698,0.35477,0.88170,0.73453,0.00000
0.30037,0.03177,1.93438,0.10382,0.61129,0.61357,0.38671,0.52595,0.86964,0.65571,0.00000
0.41268,0.04847,3.05100,0.15393,0.77074,0.74254,0.73565,0.83209,1.01756,0.74980,0.00000
0.32128,-0.00338,1.48710,0.14341,0.59052,0.40716,0.59642,0.62349,0.56022,0.56552,0.00000
0.16005,-0.04055,0.68684,0.09764,0.25303,0.12911,0.38965,0.44233,0.37606,0.44922,0.00000
0.13323,-0.04089,0.81391,0.06416,0.30681,0.03290,0.28220,0.39067,0.17982,0.33505,0.00000
0.19208,-0.02619,0.73808,0.05668,0.32919,0.04546,0.18707,0.39817,0.14488,0.26295,0.00000
0.14980,0.02283,0.50693,0.01711,0.19892,-0.04695,0.10499,0.25854,0.10421,0.16936,0.00000
0.14667,0.02981,0.40837,0.03624,0.12131,-0.04808,0.09826,0.24302,0.09685,0.18422,0.00000
0.18223,0.12275,0.57915,0.05664,0.11857,-0.04881,0.15846,0.28143,-0.14423,0.19120,0.00000
0.21450,0.21089,0.80075,0.08395,0.22474,-0.03481,0.14573,0.27354,-0.12953,0.21478,0.00000
0.23000,0.20379,0.75212,0.11723,0.28638,0.00238,0.12897,0.29565,-0.21451,0.23160,0.00000
0.24646,0.26392,0.65562,0.09602,0.27958,0.03595,0.18135,0.30648,-0.15650,0.29505,0.00000
0.26249,0.34589,0.71801,0.09333,0.51065,0.09279,0.22232,0.36583,-0.05104,0.36299,0.00000
0.17440,0.30846,0.41715,0.03595,0.49848,-0.01742,0.19021,0.26517,-0.15153,0.22292,0.00000
0.20774,0.28065,0.31887,0.03961,0.42229,-0.03862,0.26196,0.24263,-0.07038,0.16897,0.00000
0.31444,0.32401,0.38520,0.09965,0.55575,0.03527,0.42010,0.31420,0.05286,0.21156,0.00000
0.32328,0.32532,0.31951,0.10822,0.50283,0.03221,0.37955,0.29206,0.17782,0.17646,0.00000
0.39597,0.32634,0.40749,0.13153,0.62105,0.03832,0.40874,0.27910,0.17928,0.22793,0.00000
0.16598,0.08785,0.19730,0.07312,0.39752,-0.05767,0.20098,0.09222,-0.00888,0.18111,0.00000
0.06825,0.04454,0.12641,0.09630,0.25460,-0.10360,0.19247,0.01900,-0.06866,0.14275,0.00000
-0.00819,0.02716,0.01396,0.12545,0.15106,-0.12948,0.15732,-0.01059,0.22156,0.12060,0.00000
-0.00465,0.01628,-0.02796,0.11754,0.20357,-0.16253,0.16588,0.02136,0.17953,0.08597,0.00000
-0.02378,-0.01718,-0.02462,0.13341,0.07564,-0.18524,0.20075,-0.00284,0.22803,0.05379,0.00000
0.03398,-0.02546,0.02635,0.17264,0.01902,-0.16707,0.21378,0.02982,0.30199,0.05492,0.00000
0.06631,-0.05263,0.09779,0.20621,0.00081,-0.11150,0.23467,0.05578,0.47290,0.13372,0.00000
0.07604,-0.07818,0.18753,0.22201,-0.03431,-0.05710,0.23909,0.04810,0.67249,0.24707,0.00000
0.05317,-0.12773,0.16913,0.18755,-0.10923,-0.07560,0.17926,0.00469,0.66822,0.26385,0.00000
0.04662,-0.17315,0.12964,0.16313,-0.13980,-0.12797,0.18141,-0.02459,0.59597,0.19663,0.00000
0.05599,-0.20000,0.12401,0.26692,-0.19340,-0.09916,0.22530,-0.03569,0.70268,0.24568,0.00000
0.04518,-0.19561,0.05181,0.32603,-0.18872,-0.09553,0.25123,-0.02585,0.69293,0.20777,0.00000
0.20798,-0.03477,0.18136,0.35388,0.03019,0.07208,0.46759,0.17223,1.08517,0.34063,0.00000
0.27948,0.02194,0.22101,0.31639,0.20958,0.19636,0.45877,0.23288,1.15627,0.33665,0.00000
0.26853,0.03412,0.21522,0.25124,0.22585,0.19804,0.44372,0.20178,1.03133,0.25575,0.00000
0.17340,-0.00314,0.15829,0.18773,0.04486,0.20845,0.34003,0.17344,0.87129,0.18993,0.00000
0.18787,0.01202,0.19570,0.13005,0.11484,0.27309,0.29926,0.19437,0.94678,0.17685,0.00000
0.18652,0.00348,0.21965,0.09834,0.14198,0.30165,0.24704,0.18940,0.95067,0.11096,0.00000
0.11311,0.01045,0.13297,0.11488,0.09260,0.21970,0.21356,0.17161,0.65598,0.01730,0.00000
0.10640,0.03913,0.11790,0.16188,0.12774,0.19914,0.23296,0.20275,0.50545,-0.01474,0.00000
0.05630,0.11294,0.10401,0.19324,0.18236,0.19667,0.33337,0.20174,0.36984,-0.03458,0.00000
0.13858,0.31518,0.19903,0.20662,0.31500,0.43142,0.34054,0.30279,0.37157,0.07223,0.00000
0.15157,0.46558,0.21517,0.09656,0.41806,0.52449,0.30746,0.34235,0.14144,0.08361,0.00000
0.10119,0.54624,0.28599,0.08785,0.39064,0.56993,0.36032,0.35981,0.11635,0.11311,0.00000
0.09946,0.57948,0.29553,0.11821,0.33365,0.51812,0.33826,0.32565,-0.06547,0.09993,0.00000
0.10974,0.56989,0.28922,0.12004,0.32082,0.41849,0.33663,0.31993,-0.09046,0.09680,0.00000
0.15189,0.58554,0.32175,0.12531,0.37961,0.42557,0.33906,0.37123,-0.12428,0.16890,0.00000
0.18189,0.56023,0.42969,0.18958,0.43329,0.51651,0.47123,0.39520,-0.10876,0.24714,0.00000
0.14471,0.51791,0.38516,0.23940,0.38567,0.48876,0.49287,0.37603,-0.14442,0.26194,0.00000
0.08006,0.57277,0.28442,0.23385,0.29238,0.38034,0.51585,0.32521,-0.17729,0.26001,0.00000
0.09349,0.58995,0.26564,0.17287,0.27739,0.33186,0.51774,0.27715,-0.12692,0.31567,0.00000
0.14347,0.60521,0.29246,0.13833,0.29704,0.33834,0.41100,0.28368,-0.12953,0.32768,0.00000
0.16188,0.50747,0.26450,0.09729,0.42472,0.29174,0.22644,0.29669,-0.16084,0.31531,0.00000
0.11178,0.45185,0.20059,0.08808,0.35525,0.19179,0.11795,0.23311,-0.11249,0.28673,0.00000
0.12942,0.50550,0.27369,0.13647,0.47170,0.18694,0.20985,0.29383,0.08370,0.38252,0.00000
0.10729,0.41283,0.24732,0.07154,0.42457,0.15239,0.19039,0.26351,0.12084,0.36879,0.00000
0.06853,0.27818,0.23616,0.09859,0.37295,0.15110,0.21283,0.23061,0.24938,0.32932,0.00000
-0.00460,0.23144,0.17571,0.11053,0.29097,0.18472,0.22091,0.23056,0.20183,0.32575,0.00000
-0.09802,0.17832,0.10975,0.09401,0.05250,0.14590,0.23006,0.14416,0.21318,0.25585,0.00000
-0.11803,0.25930,0.10470,0.13869,0.00490,0.16162,0.35320,0.20034,0.42511,0.31821,0.00000
-0.14199,0.27070,0.08226,0.16491,-0.15900,0.15826,0.34994,0.18503,0.40198,0.28839,0.00000
-0.13371,0.24186,0.07975,0.16836,-0.19367,0.11719,0.26328,0.14968,0.28180,0.26918,0.00000
-0.09253,0.23639,0.11174,0.17370,-0.15078,0.17202,0.28100,0.18075,0.24186,0.32971,0.00000
-0.15256,0.21121,0.05015,0.15719,-0.24991,0.15462,0.35694,0.14686,0.30222,0.31846,0.00000
-0.15045,0.26909,0.08020,0.15188,-0.23871,0.21253,0.50601,0.14109,0.40755,0.35360,0.00000
-0.13221,0.21843,0.04911,0.12217,-0.25593,0.24684,0.52026,0.13800,0.42527,0.33935,0.00000
-0.16348,0.19473,0.03884,0.10145,-0.35017,0.23387,0.43385,0.09238,0.33310,0.26409,0.00000
-0.19516,0.24655,0.05303,0.13846,-0.43551,0.22841,0.39547,0.08524,0.31544,0.23608,0.00000
-0.22706,0.29112,0.01759,0.08709,-0.51038,0.18994,0.43299,0.09114,0.34508,0.17956,0.00000
-0.26207,0.24898,-0.03847,-0.01893,-0.53855,0.07754,0.31145,0.05001,0.38617,0.14010,0.00000
-0.21854,0.36954,0.01529,-0.05509,-0.44443,0.10200,0.27242,0.11595,0.53809,0.22456,0.00000
-0.19235,0.36395,-0.04844,-0.14541,-0.44478,0.09824,0.15100,0.07427,0.42042,0.17312,0.00000
-0.20959,0.36849,-0.06743,-0.13866,-0.45776,0.05168,0.15355,0.03352,0.38444,0.16377,0.00000
-0.27882,0.29943,-0.12902,-0.12606,-0.53658,-0.02544,0.07563,-0.05176,0.46221,0.08482,0.00000
-0.29613,0.20285,-0.13046,-0.11521,-0.59109,-0.09717,-0.03729,-0.07033,0.39105,-0.01178,0.00000
-0.20434,0.22471,0.00090,-0.07115,-0.48779,-0.06050,-0.04766,0.02213,0.44656,0.05684,0.00000
-0.19212,0.25932,-0.02395,-0.04702,-0.46024,-0.03836,-0.00289,0.05702,0.43335,0.08698,0.00000
-0.17077,0.26557,-0.05122,-0.02336,-0.42710,-0.04900,0.00033,0.06456,0.39105,0.04563,0.00000
-0.13427,0.24484,-0.06307,0.02604,-0.34333,-0.07608,0.01268,0.08409,0.54053,0.08333,0.00000
-0.07769,0.19499,-0.03341,0.05934,-0.25929,-0.05896,0.02597,0.12495,0.52278,0.14536,0.00000
0.04428,0.21840,0.06481,0.09786,-0.07451,0.01611,0.06210,0.16692,0.42603,0.25216,0.00000
0.17873,0.24889,0.17580,0.09865,-0.00073,0.10506,0.12571,0.20385,0.37111,0.29235,0.00000
0.21872,0.19559,0.09956,0.12345,-0.04412,0.09070,0.09691,0.19718,0.29346,0.24458,0.00000
0.43895,0.14723,0.13348,0.21108,-0.01072,0.10301,0.01786,0.20233,0.17731,0.18621,0.00000
0.69964,0.17119,0.18609,0.18235,0.48570,0.22051,-0.00224,0.31147,0.20003,0.23205,0.00000
1.21663,0.24919,0.27328,0.12747,0.76647,0.39801,0.11098,0.46969,0.26632,0.41932,0.00000
1.18422,0.33983,0.26347,0.15957,0.87834,0.50586,0.23589,0.49313,0.33005,0.54473,0.00000
0.73728,0.31059,0.14976,0.09286,0.32561,0.42459,0.24550,0.36032,0.23462,0.43846,0.00000
0.74672,0.31015,0.19644,0.11243,0.12161,0.35826,0.20197,0.32760,0.26569,0.42725,0.00000
0.62382,0.37875,0.31862,0.16264,0.03748,0.36958,0.26689,0.37126,0.26906,0.56581,0.00000
0.62030,0.38308,0.40456,0.14528,-0.13573,0.46261,0.30793,0.41421,0.18288,0.55168,0.00000
0.70376,0.33483,0.35880,0.07539,-0.12836,0.45816,0.30864,0.44965,0.16708,0.51183,0.00000
0.68162,0.30754,0.30529,0.11230,-0.22711,0.41890,0.28315,0.46859,0.25880,0.45483,0.00000
0.70305,0.30439,0.32210,0.19418,-0.18148,0.41970,0.36927,0.53409,0.27356,0.45223,0.00000
0.71454,0.31555,0.36870,0.29110,-0.15157,0.49675,0.45584,0.56034,0.29686,0.48776,0.00000
0.48198,0.33022,0.38269,0.28918,-0.09520,0.43151,0.46972,0.49441,0.44045,0.60952,0.00000
