0.01713,0.07135,0.15675,0.08577,0.06851,0.02386,0.08052,0.28056,-0.61308,-0.10658,0.00000
0.00660,0.05154,0.11384,0.08120,0.01143,-0.01632,0.06612,0.22849,-0.65758,-0.12910,0.00000
0.00417,-0.00016,0.06536,0.06945,-0.11541,-0.08842,-0.02782,0.11343,-0.67081,-0.22639,0.00000
0.05492,0.00796,0.13922,0.01549,-0.04655,-0.06991,-0.01774,0.16796,-0.61325,-0.10151,0.00000
0.06197,0.04533,0.08595,0.02171,-0.02429,-0.04173,-0.04254,0.14789,-0.73626,-0.06561,0.00000
0.05462,0.12232,0.13249,0.02573,-0.00665,-0.04611,-0.02414,0.15401,-0.70902,0.15065,0.00000
0.01501,0.09082,0.10902,0.03809,-0.01768,-0.04284,-0.04516,0.12845,-0.76420,0.13414,0.00000
0.00696,0.02808,0.19549,0.03750,-0.02574,-0.07068,-0.04398,0.13637,-0.84765,0.03721,0.00000
0.03732,0.03463,0.34925,0.12580,0.03242,0.01177,0.04832,0.16795,-0.73943,0.13883,0.00000
0.09973,0.01761,0.37425,0.27261,0.00102,-0.00009,0.11875,0.16048,-0.73982,0.03087,0.00000
0.12885,0.01139,0.32907,0.23436,-0.04512,-0.03347,0.03348,0.08030,-0.82912,-0.09890,0.00000
0.10448,0.01913,0.33134,0.25345,-0.03882,-0.06155,-0.04751,0.05873,-0.82576,-0.13684,0.00000
0.06893,0.02208,0.20246,0.14362,-0.03395,-0.09425,-0.14309,-0.01344,-0.84573,-0.19291,0.00000
0.07198,0.01369,0.19929,0.14560,-0.04693,-0.08425,-0.12430,-0.00355,-0.86146,-0.19854,0.00000
0.04094,0.05558,0.35054,0.15671,0.00114,-0.03271,-0.08942,0.10287,-0.81939,-0.14322,0.00000
0.01023,0.05777,0.33844,0.15489,-0.05632,-0.07552,-0.08312,0.07664,-0.89825,-0.15676,0.00000
0.01996,0.04331,0.33704,0.07807,-0.03601,-0.07162,-0.07723,0.06999,-0.74336,-0.13212,0.00000
0.01441,-0.01147,0.19536,0.05859,0.00178,-0.09359,-0.08498,0.01915,-0.63730,-0.18387,0.00000
0.01862,-0.02089,0.14350,0.06037,0.01360,-0.09644,-0.07661,-0.00791,-0.45428,-0.18878,0.00000
0.01253,-0.00926,0.02991,0.02919,-0.04477,-0.12031,-0.12553,-0.10218,-0.17169,-0.18696,0.00000
-0.01453,-0.01118,0.01571,-0.00821,-0.08860,-0.16687,-0.12430,-0.15499,-0.24551,-0.18651,0.00000
-0.01565,-0.00029,0.04556,-0.00449,0.04722,-0.11705,-0.07937,-0.10727,0.11674,-0.12745,0.00000
-0.02927,0.00574,0.05898,-0.01627,0.13072,-0.08103,0.04020,-0.05921,0.71810,-0.06739,0.00000
-0.01779,0.03016,0.17664,-0.01161,0.42534,-0.00800,0.19845,-0.00953,1.28838,-0.01095,0.00000
0.00793,0.06484,0.33943,0.04330,0.70063,0.08280,0.40787,0.06879,2.49614,0.10585,0.00000
0.01776,0.08214,0.42926,0.00641,0.83892,0.07883,0.32461,0.09420,4.13354,0.20005,0.00000
0.05574,0.09293,0.49691,0.01969,0.96233,0.11591,0.37503,0.15190,3.62154,0.37236,0.00000
0.08082,0.10738,0.61121,0.05774,1.43486,0.20950,0.44135,0.22033,9.22602,0.36147,0.00000
0.04625,0.09252,0.52650,0.08936,1.43395,0.14108,0.45182,0.18179,4.27975,0.18670,0.00000
0.05693,0.11711,0.53912,0.11329,1.54015,0.21078,0.41203,0.25700,2.71723,0.25623,0.00000
0.06625,0.18934,0.55566,0.12998,2.36933,0.25328,0.51101,0.32152,2.60415,0.32737,0.00000
0.08377,0.16220,0.62736,0.17451,2.93104,0.34262,0.63302,0.42518,2.18084,0.34736,0.00000
0.09067,0.14871,0.58702,0.18825,2.78919,0.35179,0.54594,0.48190,1.64092,0.26378,0.00000
0.10382,0.16020,0.47642,0.16706,2.43969,0.26561,0.45597,0.46157,1.18563,0.26009,0.00000
0.09794,0.12327,0.26736,0.17972,1.36144,0.17184,0.27303,0.32717,0.68778,0.16810,0.00000
0.12100,0.08854,0.22559,0.20063,1.02492,0.12815,0.16910,0.36169,0.69919,0.19533,0.00000
0.11902,0.06576,0.17015,0.20010,1.07076,0.07647,0.11140,0.34697,0.48788,0.14055,0.00000
0.09043,0.02941,0.10594,0.16521,0.87228,0.09658,0.13015,0.28877,0.40176,0.12081,0.00000
0.10626,0.00726,0.10358,0.13870,0.94456,0.12868,0.14186,0.25215,0.48015,0.09950,0.00000
0.09015,-0.02070,0.03763,0.07672,1.05814,0.12058,0.09794,0.21750,0.51861,0.12177,0.00000
0.09736,0.00275,0.09155,0.08598,1.64953,0.19555,0.16193,0.25836,0.66994,0.21221,0.00000
0.08123,0.06088,0.14271,0.09123,1.85384,0.21541,0.16552,0.24682,0.77910,0.24010,0.00000
0.06988,0.05259,0.14314,0.07793,1.06733,0.13494,0.09266,0.17922,0.55649,0.15835,0.00000
0.07633,0.08753,0.11646,0.02585,1.15372,0.12733,0.08437,0.20682,0.60736,0.21391,0.00000
0.07466,0.06389,0.10136,0.01218,1.09762,0.10908,0.08206,0.24160,0.65672,0.22524,0.00000
0.04231,-0.00397,0.06401,0.00253,0.97253,0.07522,0.08205,0.15945,0.45081,0.15399,0.00000
0.04683,0.00954,0.12642,-0.00620,1.07899,0.13152,0.14251,0.20450,0.51138,0.17825,0.00000
0.04054,0.01572,0.11789,-0.03308,0.97753,0.15810,0.13660,0.15541,0.52878,0.16307,0.00000
0.04911,0.02951,0.17774,-0.01556,1.08232,0.23604,0.20967,0.18553,0.73995,0.22667,0.00000
0.04975,0.04075,0.21362,0.01540,1.33856,0.23081,0.27563,0.20076,0.80690,0.28190,0.00000
0.02101,0.04951,0.14348,0.01553,1.28755,0.21186,0.22100,0.16858,0.76218,0.21249,0.00000
0.00905,0.04182,0.12936,0.02345,0.89105,0.20295,0.23312,0.14609,0.55216,0.15233,0.00000
-0.00636,0.04489,0.07883,0.00073,0.60646,0.19528,0.20451,0.10690,0.55123,0.14933,0.00000
0.00548,-0.01423,0.06974,0.00439,0.53753,0.14464,0.18200,0.08778,0.59911,0.15893,0.00000
0.03373,-0.01439,0.06336,0.01105,0.62251,0.18954,0.24655,0.12523,0.71608,0.24842,0.00000
0.03509,-0.03776,0.04552,0.05466,0.46954,0.20028,0.22817,0.13706,0.87068,0.19011,0.00000
0.01927,-0.02954,0.02890,0.05589,0.41679,0.26165,0.28058,0.14202,0.81989,0.20381,0.00000
0.04773,0.01686,0.06517,0.02431,0.60502,0.32100,0.28316,0.21349,0.97651,0.26086,0.00000
0.03909,-0.02588,0.02403,0.00884,0.60697,0.25645,0.22418,0.21437,0.99074,0.13688,0.00000
0.01039,-0.05328,-0.02373,0.00455,0.33420,0.16108,0.20066,0.14366,0.65186,0.03749,0.00000
0.00446,-0.05105,-0.06869,0.02125,0.29947,0.11738,0.18559,0.10879,0.52860,0.01325,0.00000
0.02701,-0.03291,-0.11084,0.05107,0.16433,0.12295,0.14569,0.10416,0.52668,0.07860,0.00000
0.05855,-0.01496,-0.05118,0.06731,-0.04563,0.12299,0.16149,0.14497,0.49225,0.13095,0.00000
0.09705,0.00224,0.01146,0.09834,0.04374,0.15405,0.23275,0.21529,0.54258,0.19316,0.00000
0.11173,-0.00421,0.03488,0.10001,0.07898,0.12363,0.19313,0.18624,0.41948,0.13593,0.00000
0.11295,-0.00560,0.02622,0.08699,0.13109,0.15377,0.21675,0.16662,0.35370,0.10527,0.00000
0.09262,-0.01904,0.02701,0.08900,-0.01954,0.14407,0.18052,0.16809,0.33122,0.07766,0.00000
0.10325,-0.00824,0.09205,0.07505,-0.00681,0.14023,0.15732,0.17669,0.24886,0.08532,0.00000
0.10975,-0.00890,0.09068,0.06466,-0.00055,0.08214,0.11624,0.12759,0.21124,0.04956,0.00000
0.07584,-0.01133,0.15558,0.10521,-0.00924,0.08021,0.16606,0.12783,0.20292,0.06385,0.00000
0.09220,0.01767,0.30923,0.10968,0.06824,0.11726,0.23406,0.16807,0.19818,0.20289,0.00000
0.11347,0.03454,0.35864,0.11640,0.22763,0.17471,0.25834,0.23171,0.32713,0.29281,0.00000
0.11918,0.02551,0.41984,0.10200,0.19397,0.18238,0.28791,0.28645,0.30921,0.32084,0.00000
0.09444,0.01065,0.45129,0.07520,0.14668,0.11639,0.27552,0.27460,0.15202,0.18596,0.00000
0.06749,0.00112,0.41260,0.08609,0.41186,0.11748,0.27795,0.28812,0.15385,0.16497,0.00000
0.03347,0.01456,0.38752,0.10453,0.48261,0.14390,0.24789,0.29468,0.20116,0.17492,0.00000
0.00556,-0.00399,0.24849,0.11048,0.36367,0.10788,0.22858,0.25017,0.19593,0.14636,0.00000
-0.00756,0.01761,0.28637,0.12543,0.30987,0.09680,0.23862,0.30872,0.17207,0.16790,0.00000
-0.03197,0.00037,0.21133,0.06353,0.33161,0.03105,0.16177,0.21979,0.00044,0.08274,0.00000
-0.04725,-0.01321,0.15309,0.03996,0.29106,-0.00062,0.11493,0.16526,0.01268,0.00592,0.00000
-0.05168,-0.01050,0.15462,0.07001,0.26473,-0.01922,0.08392,0.16287,0.02146,0.01392,0.00000
-0.03512,-0.00269,0.15635,0.06070,0.17545,-0.00921,0.08703,0.18709,0.06284,0.02761,0.00000
-0.03072,0.00703,0.06670,0.03256,0.22033,-0.01625,0.05743,0.15942,0.11745,0.02685,0.00000
-0.05837,-0.00801,0.05165,0.01461,0.18518,-0.09206,0.04252,0.12540,0.06627,0.00222,0.00000
-0.06405,-0.01733,0.01129,-0.01027,-0.01770,-0.15579,0.03989,0.03760,-0.03990,-0.06477,0.00000
-0.03553,-0.02179,0.10261,0.03278,0.00202,-0.10835,0.09847,0.09217,0.04548,-0.00518,0.00000
-0.01835,-0.04477,0.07344,0.02063,-0.19033,-0.12831,0.00865,-0.00275,-0.09161,-0.08951,0.00000
-0.03370,-0.10778,-0.13003,-0.10461,-0.48951,-0.25610,-0.18162,-0.22398,-0.35511,-0.25750,0.00000
-0.02013,-0.13197,-0.23276,-0.14048,-0.52898,-0.29544,-0.21707,-0.26530,-0.47347,-0.32185,0.00000
-0.00825,-0.14545,-0.20385,-0.16882,-0.57915,-0.31881,-0.24780,-0.30118,-0.42873,-0.34219,0.00000
0.00342,-0.13782,-0.14733,-0.13957,-0.52502,-0.33226,-0.18163,-0.25673,-0.30169,-0.31103,0.00000
-0.02883,-0.13467,-0.16508,-0.18872,-0.56678,-0.35544,-0.17187,-0.30941,-0.33562,-0.28505,0.00000
-0.01551,-0.13263,-0.15099,-0.24290,-0.55730,-0.34513,-0.21653,-0.32313,-0.28379,-0.28212,0.00000
0.00530,-0.13028,-0.11208,-0.20301,-0.53096,-0.31628,-0.20639,-0.28125,-0.25097,-0.23574,0.00000
-0.00254,-0.12215,-0.12010,-0.15646,-0.45902,-0.31217,-0.16328,-0.26990,-0.35172,-0.24283,0.00000
0.02836,-0.11232,-0.05815,-0.12218,-0.46909,-0.24881,-0.11005,-0.23534,-0.33081,-0.17209,0.00000
0.03016,-0.11210,0.00997,-0.06618,-0.40149,-0.18846,-0.09519,-0.20958,-0.23904,-0.08848,0.00000
0.02184,-0.12013,-0.00564,-0.09773,-0.37327,-0.15238,-0.07016,-0.18371,-0.23027,-0.08197,0.00000
0.00698,-0.11599,0.02860,-0.08325,-0.21993,-0.08607,0.02146,-0.11863,-0.07084,0.00943,0.00000
0.03371,-0.06208,0.35284,0.10160,0.35528,0.18476,0.23799,0.11436,0.36713,0.24789,0.00000
0.03065,-0.02600,0.69182,0.25482,0.20668,0.33674,0.32673,0.24918,0.85498,0.44524,0.00000
0.03198,-0.00198,0.56126,0.28590,0.23042,0.37873,0.38930,0.27622,0.76096,0.51308,0.00000
0.03790,0.00367,0.60909,0.27960,0.21947,0.57658,0.40885,0.27396,0.67470,0.54967,0.00000
0.10224,-0.00203,0.55962,0.41880,0.17318,0.65338,0.41691,0.34881,0.66522,0.52919,0.00000
0.10429,0.00497,0.69125,0.72156,0.19788,0.77211,0.67868,0.51661,0.62094,0.61777,0.00000
0.09675,0.00027,0.51975,0.55131,0.29490,0.51186,0.53068,0.36216,0.38931,0.46669,0.00000
0.11021,-0.03570,0.44854,0.41916,0.03848,0.26322,0.32755,0.24625,0.41148,0.35535,0.00000
0.10419,-0.05676,0.35075,0.38658,0.06949,0.19843,0.27155,0.18117,0.48296,0.20061,0.00000
0.07772,-0.05788,0.30394,0.33704,0.12466,0.27716,0.22247,0.20450,0.43064,0.15705,0.00000
0.04168,-0.04011,0.27465,0.24282,0.08755,0.10534,0.15081,0.15761,0.44226,0.11157,0.00000
0.06169,-0.02589,0.31110,0.22069,0.06037,0.04930,0.14890,0.16361,0.41601,0.10585,0.00000
0.06204,-0.03533,0.30469,0.18283,0.09947,0.05474,0.19867,0.20552,0.34393,0.10404,0.00000
0.06336,-0.02586,0.27284,0.15181,0.38996,0.06098,0.20315,0.20516,0.26208,0.12384,0.00000
0.08246,-0.01403,0.29223,0.15005,0.49829,0.09501,0.19015,0.20356,0.19277,0.13359,0.00000
0.10222,-0.01655,0.28788,0.15198,0.45721,0.09830,0.20003,0.23502,0.14680,0.17382,0.00000
0.08438,0.03194,0.34118,0.11592,0.82417,0.13959,0.24419,0.29785,0.24833,0.22933,0.00000
0.06750,0.01696,0.23161,-0.00344,0.74541,0.02623,0.21396,0.21838,0.13112,0.11654,0.00000
0.03711,0.01135,0.21274,0.01259,0.47501,-0.00972,0.25976,0.23089,0.18116,0.09097,0.00000
0.03029,0.07216,0.32283,0.07907,0.73261,0.07505,0.36377,0.29414,0.24876,0.15994,0.00000
0.03649,0.10696,0.34396,0.07789,0.71163,0.08209,0.34497,0.28002,0.13652,0.15886,0.00000
0.04911,0.12340,0.42920,0.06860,0.85264,0.12071,0.38960,0.30193,0.13381,0.18362,0.00000
0.02012,0.05965,0.30745,0.06041,0.53981,0.01667,0.23988,0.13421,0.05053,0.10168,0.00000
0.00597,0.07321,0.27228,0.05804,0.37460,0.00080,0.22083,0.08321,0.03334,0.09550,0.00000
0.02985,0.09421,0.24426,0.06521,0.26112,-0.01480,0.17204,0.05581,0.03901,0.09588,0.00000
0.04305,0.10379,0.20776,0.04717,0.29457,-0.03709,0.15390,0.05377,0.05745,0.03890,0.00000
0.02172,0.07458,0.19779,0.05814,0.08517,-0.03802,0.12775,0.03132,0.11043,-0.03948,0.00000
0.03954,0.04377,0.23076,0.06934,0.06242,-0.00199,0.14103,0.05195,0.17219,-0.02133,0.00000
0.05407,-0.00618,0.22839,0.07687,0.04439,0.05733,0.14589,0.05234,0.15793,0.04484,0.00000
0.07985,-0.01899,0.27550,0.13783,0.08250,0.11819,0.15150,0.05358,0.26270,0.12620,0.00000
0.10028,-0.04117,0.25868,0.11615,0.06930,0.10277,0.11189,0.00218,0.27222,0.08741,0.00000
0.11580,-0.06911,0.23031,0.06008,0.02544,0.06291,0.06274,-0.01838,0.28281,0.04603,0.00000
0.14768,-0.07082,0.21764,0.06456,-0.02895,0.09231,0.08366,-0.00481,0.35548,0.06874,0.00000
0.16033,-0.08758,0.18142,0.07481,-0.02596,0.08267,0.07250,-0.00638,0.39521,0.05566,0.00000
0.23500,-0.06961,0.29328,0.16365,0.23665,0.25023,0.18092,0.16327,0.47869,0.22565,0.00000
0.25095,-0.06775,0.28461,0.20315,0.44308,0.30065,0.20055,0.23401,0.43473,0.20639,0.00000
0.22720,-0.07544,0.23799,0.18738,0.46012,0.31083,0.19075,0.18734,0.46267,0.13359,0.00000
0.20059,-0.08118,0.17423,0.17453,0.13173,0.32155,0.12143,0.17843,0.45633,0.11961,0.00000
0.19354,-0.06567,0.19811,0.17818,0.28732,0.33626,0.15848,0.17940,0.43798,0.16295,0.00000
0.18290,-0.03750,0.22255,0.17182,0.29090,0.34875,0.16124,0.18838,0.40989,0.13181,0.00000
0.16280,-0.00287,0.19419,0.22094,0.14342,0.27166,0.14888,0.17779,0.29488,0.05597,0.00000
0.15040,-0.00397,0.16566,0.20528,0.13727,0.25108,0.15232,0.19081,0.29761,0.04798,0.00000
0.13436,0.00094,0.15533,0.23220,0.19192,0.23433,0.19203,0.20834,0.32863,0.06332,0.00000
0.14342,0.08559,0.15217,0.31195,0.37378,0.38021,0.28100,0.30762,0.33308,0.18615,0.00000
0.10319,0.14427,0.15521,0.31504,0.43713,0.42464,0.29297,0.30817,0.20697,0.22853,0.00000
0.09448,0.20993,0.17009,0.32348,0.42529,0.42946,0.29695,0.33195,0.14593,0.24879,0.00000
0.06480,0.23965,0.13912,0.27726,0.39672,0.36526,0.32237,0.32741,0.05886,0.20192,0.00000
0.05882,0.20695,0.12335,0.22822,0.41451,0.34188,0.31383,0.27837,0.09720,0.22415,0.00000
0.06261,0.19828,0.17606,0.25424,0.51624,0.35009,0.35318,0.29182,0.10729,0.31363,0.00000
0.06119,0.16587,0.28824,0.34232,0.59000,0.39060,0.47158,0.30845,0.12145,0.39084,0.00000
0.05374,0.10928,0.24243,0.29588,0.50746,0.39368,0.47969,0.29586,0.07338,0.38402,0.00000
0.04674,0.11789,0.17576,0.26534,0.38196,0.33570,0.50518,0.24458,0.07155,0.35147,0.00000
0.04540,0.10927,0.15548,0.19221,0.35650,0.29928,0.55586,0.22133,0.12677,0.37893,0.00000
0.05335,0.14058,0.16798,0.21266,0.36569,0.30087,0.55826,0.24392,0.10347,0.39410,0.00000
0.03495,0.13563,0.11563,0.18775,0.45904,0.27103,0.45572,0.24652,0.04811,0.36617,0.00000
0.01795,0.11130,0.07676,0.14573,0.43152,0.20384,0.40357,0.19821,0.09030,0.30210,0.00000
0.03673,0.12439,0.11916,0.16105,0.64020,0.22014,0.46941,0.22774,0.19180,0.36419,0.00000
0.04603,0.10224,0.08789,0.13201,0.61941,0.19892,0.41999,0.16252,0.21549,0.36749,0.00000
0.06120,0.06233,0.08143,0.13689,0.55422,0.21661,0.36344,0.12654,0.36210,0.36149,0.00000
0.06059,0.08782,0.07162,0.13850,0.48166,0.21472,0.35447,0.13815,0.29731,0.37881,0.00000
0.04919,0.09205,0.04015,0.10389,0.19995,0.13648,0.29865,0.10795,0.23055,0.26837,0.00000
0.07535,0.17305,0.04362,0.10862,0.18337,0.19706,0.32348,0.13413,0.24867,0.30483,0.00000
0.10407,0.24470,0.06769,0.13755,0.09232,0.18736,0.30362,0.11814,0.24519,0.28966,0.00000
0.10985,0.24737,0.07662,0.13674,0.07720,0.14261,0.25635,0.10405,0.21820,0.25435,0.00000
0.12930,0.25314,0.13303,0.14306,0.14433,0.19666,0.22427,0.15082,0.21960,0.22757,0.00000
0.10862,0.20892,0.13741,0.10041,0.04013,0.17351,0.25654,0.10614,0.20961,0.21501,0.00000
0.11745,0.25547,0.19300,0.08817,0.02081,0.19618,0.33014,0.09009,0.20564,0.23711,0.00000
0.11141,0.21407,0.22793,0.05992,-0.06368,0.20663,0.29873,0.04975,0.10055,0.27180,0.00000
0.09874,0.17147,0.20154,0.04753,-0.18878,0.19205,0.27895,0.01220,0.10533,0.21683,0.00000
0.08484,0.25006,0.25824,0.06076,-0.27743,0.18914,0.29161,-0.00416,0.08695,0.15632,0.00000
0.06975,0.30619,0.30608,0.01721,-0.30223,0.18832,0.25876,-0.02513,0.05008,0.12472,0.00000
0.03287,0.23003,0.25651,-0.04119,-0.35465,0.10516,0.15367,-0.07127,-0.02408,0.04947,0.00000
0.03189,0.36689,0.31361,0.02491,-0.21734,0.17939,0.12709,-0.02632,0.03663,0.16133,0.00000
0.03661,0.38338,0.31137,-0.01215,-0.21625,0.12482,0.10824,-0.04034,0.02240,0.13522,0.00000
0.01385,0.39616,0.35251,-0.00859,-0.24674,0.08313,0.09657,-0.05706,0.02085,0.15377,0.00000
-0.02030,0.33671,0.28781,-0.02387,-0.35937,0.01939,0.00800,-0.11655,-0.03055,0.09834,0.00000
-0.02076,0.20016,0.16053,0.01100,-0.42528,-0.04593,-0.04911,-0.15489,-0.07435,0.05232,0.00000
-0.00077,0.23412,0.21620,0.05624,-0.28210,-0.00442,-0.05282,-0.08432,0.00967,0.10948,0.00000
0.01157,0.26579,0.24253,0.06766,-0.28127,0.03991,-0.03172,-0.05595,0.06670,0.13610,0.00000
0.00696,0.23866,0.23574,0.07166,-0.26705,0.02628,-0.00808,-0.03823,0.09927,0.07660,0.00000
0.00735,0.25177,0.24813,0.05507,-0.21825,0.01555,-0.01409,0.04427,0.14013,0.11088,0.00000
-0.02188,0.16334,0.25273,0.05451,-0.15416,-0.00039,-0.00962,0.11905,0.20051,0.18375,0.00000
0.06012,0.18282,0.23967,0.12709,-0.09057,0.05465,0.06569,0.16908,0.17091,0.27040,0.00000
0.18737,0.22734,0.24604,0.16950,-0.06410,0.13038,0.11272,0.20938,0.23164,0.30474,0.00000
0.26850,0.17874,0.18685,0.09013,-0.09910,0.10174,0.09441,0.16657,0.14666,0.24745,0.00000
0.44281,0.10137,0.11473,0.08037,-0.08702,0.09815,0.02030,0.17348,0.06902,0.19784,0.00000
0.63202,0.12534,0.11052,0.06789,0.16994,0.15215,0.00263,0.23149,0.06756,0.22027,0.00000
1.04589,0.21134,0.20406,0.11117,0.42609,0.32296,0.11194,0.36486,0.12175,0.36798,0.00000
1.22096,0.28060,0.29889,0.11686,0.47715,0.38872,0.20711,0.38105,0.19943,0.46505,0.00000
0.80035,0.23763,0.22449,0.11780,0.17730,0.30541,0.19211,0.29138,0.17887,0.35937,0.00000
0.69080,0.25553,0.20715,0.12072,0.11690,0.24195,0.14855,0.25982,0.18308,0.33941,0.00000
0.66037,0.41598,0.25679,0.13708,0.16066,0.26443,0.18013,0.28401,0.22729,0.43800,0.00000
0.68789,0.42237,0.28346,0.19436,0.09780,0.32016,0.22211,0.27359,0.21145,0.45419,0.00000
0.82272,0.35380,0.25429,0.16057,0.07687,0.34794,0.22492,0.24054,0.15195,0.44562,0.00000
0.62596,0.32811,0.25566,0.18803,0.04255,0.31811,0.17353,0.20821,0.22203,0.38664,0.00000
0.53742,0.33212,0.27006,0.21438,0.13689,0.31628,0.24203,0.22226,0.25950,0.41698,0.00000
0.57625,0.35369,0.32429,0.22389,0.14508,0.36183,0.31951,0.28607,0.24283,0.45459,0.00000
0.40215,0.40414,0.43071,0.20500,0.16717,0.32598,0.32966,0.26645,0.42761,0.51762,0.00000
0.32174,0.36431,0.45128,0.22744,0.05818,0.32888,0.32286,0.29961,0.40069,0.44009,0.00000
0.33890,0.43337,0.48924,0.21406,0.17367,0.36928,0.38947,0.34428,0.38022,0.49708,0.00000
0.18476,0.41494,0.39745,0.14698,0.11148,0.31504,0.28714,0.27375,0.33050,0.44104,0.00000
0.15591,0.38924,0.37309,0.12891,0.15860,0.30417,0.26650,0.27298,0.27291,0.48580,0.00000
0.11915,0.28229,0.34092,0.11340,0.26252,0.29247,0.25022,0.24786,0.18130,0.44232,0.00000
0.07711,0.16608,0.32033,0.07102,0.37676,0.28796,0.23654,0.25469,0.10415,0.42651,0.00000
0.08613,0.22289,0.33066,0.07503,0.45547,0.26200,0.24102,0.28745,0.09611,0.44603,0.00000
0.06068,0.28325,0.32224,0.11884,0.50676,0.23053,0.24650,0.30077,0.11832,0.43445,0.00000
0.07719,0.29687,0.34545,0.10997,0.53409,0.22132,0.28902,0.37006,0.09266,0.43713,0.00000
0.05739,0.22391,0.38066,0.10478,0.47149,0.22630,0.25897,0.37198,0.07979,0.45085,0.00000
-0.04369,0.10963,0.26161,0.11826,0.35936,0.12177,0.19441,0.20828,0.07963,0.30091,0.00000
-0.05708,-0.00846,0.16051,0.23248,0.19669,0.11609,0.19744,0.15310,0.07539,0.16657,0.00000
-0.09049,-0.05518,0.04649,0.13962,0.09467,0.03151,0.13013,-0.00489,0.11869,0.13603,0.00000
-0.07869,-0.08214,0.04732,0.10989,0.03361,0.01034,0.05899,-0.03831,0.13595,0.08582,0.00000
-0.01706,-0.03163,0.11287,0.22332,0.17435,0.06299,0.15739,0.08227,0.21496,0.17249,0.00000
