0.03101,0.12574,0.26473,0.32006,0.06484,0.34498,0.29685,0.09039,0.15446,-0.15811,0.19605
0.00445,0.11177,0.25223,0.40282,0.04876,0.29127,0.21970,0.08965,0.16146,-0.20346,0.10673
-0.06359,-0.09289,0.15844,0.31430,-0.07496,0.15448,0.14627,0.01672,0.11502,-0.35818,-0.00182
-0.04603,-0.03649,0.20900,0.36056,-0.04148,0.17651,0.17911,0.03803,0.15611,-0.27760,-0.01366
-0.02904,0.06003,0.25605,0.33534,-0.00747,0.14512,0.25492,0.04469,0.24216,-0.16092,-0.02399
-0.01043,0.18973,0.38028,0.47211,-0.02262,0.12047,0.29060,0.09426,0.33753,0.01122,-0.04340
-0.03820,0.16519,0.23783,0.40547,-0.10307,0.11000,0.18612,0.08127,0.21194,-0.01612,0.00775
-0.05043,0.05824,0.21457,0.30078,-0.12775,0.11708,0.09073,0.05679,0.17780,-0.06609,-0.00974
-0.01637,0.12054,0.28283,0.40571,-0.08823,0.17117,0.16830,0.16436,0.23736,0.20528,0.01852
0.00195,0.11059,0.33469,0.45476,-0.02227,0.20091,0.19322,0.17869,0.30233,0.24487,0.01762
-0.03396,0.05467,0.28904,0.41075,-0.17353,0.20503,0.09858,0.08104,0.28928,-0.12813,-0.03162
-0.03979,-0.02781,0.23264,0.33468,-0.21618,0.12144,0.02074,0.03340,0.19035,-0.25914,-0.07030
-0.06384,-0.00904,0.12553,0.22037,-0.15507,0.03861,-0.08043,-0.04230,0.10386,-0.34235,-0.10050
-0.07266,0.03627,0.08558,0.20653,-0.17344,0.03990,-0.05612,-0.07176,0.09459,-0.34179,-0.03523
-0.05309,0.29123,0.14513,0.25332,-0.08378,0.07578,-0.01958,-0.02989,0.13257,-0.27019,-0.03883
-0.04643,0.31288,0.10749,0.26354,-0.12495,0.04527,-0.01170,-0.06049,0.08626,-0.35873,-0.04390
-0.03359,0.19295,0.07011,0.23804,-0.10681,0.06015,0.00454,-0.06367,0.07410,-0.33216,-0.03413
-0.05553,0.08468,0.02884,0.14151,-0.08316,0.03807,0.01920,-0.09135,0.03902,-0.36437,-0.02578
-0.05227,0.01602,0.00453,0.16262,-0.08119,0.01996,0.06335,-0.10926,0.00794,-0.36571,-0.03165
-0.08008,0.06693,-0.09205,0.11808,-0.04509,-0.02178,0.03826,-0.15671,-0.01076,-0.38055,-0.02462
-0.12481,-0.01019,-0.14971,0.09274,-0.13319,-0.05280,0.00558,-0.18940,-0.02619,-0.42563,-0.04285
-0.11825,0.01851,-0.13810,0.10105,-0.14293,-0.03426,0.01528,-0.17674,-0.02397,-0.38382,-0.01742
-0.09407,0.05353,-0.11724,0.05063,-0.03488,0.00038,0.11089,-0.12593,0.01301,-0.29897,0.06942
-0.05441,0.19823,-0.04962,0.11085,0.05692,0.08361,0.25308,-0.04320,0.03539,-0.07195,0.22650
0.01806,0.26245,0.04200,0.29819,0.19027,0.16488,0.42296,0.08007,0.12826,0.20207,0.36148
0.08054,0.16906,0.09321,0.33307,0.41181,0.12127,0.35694,0.14649,0.12181,0.24123,0.29291
0.21625,0.23754,0.16418,0.41320,0.57543,0.15074,0.41309,0.27063,0.18168,0.48350,0.34442
0.27088,0.26052,0.29086,0.51266,1.13827,0.21920,0.46281,0.43808,0.29502,0.95595,0.71791
0.25970,0.16075,0.27404,0.50283,0.75952,0.25718,0.37428,0.33103,0.28242,0.63151,0.59692
0.38044,0.17343,0.25267,0.61229,0.73460,0.28369,0.39676,0.34503,0.33654,0.58424,0.37454
0.44131,0.29945,0.29230,0.69670,0.96152,0.33579,0.44216,0.37627,0.45977,0.72273,0.39116
0.60641,0.28407,0.42680,0.95295,0.76636,0.38146,0.56885,0.48538,0.65548,0.76804,0.45434
0.72924,0.26931,0.48058,0.96587,0.79683,0.36616,0.54389,0.44723,0.72517,0.73106,0.37776
0.70549,0.23541,0.43551,0.91702,0.76581,0.26802,0.52364,0.44323,0.65181,0.64246,0.23029
0.42969,0.13235,0.31207,0.82503,0.70127,0.16880,0.38200,0.33702,0.31573,0.33776,0.09031
0.41192,0.06599,0.27718,0.86101,0.81941,0.13809,0.29214,0.38161,0.26125,0.26975,0.08763
0.41207,0.06189,0.23946,0.68062,0.99941,0.12807,0.20475,0.27826,0.21720,0.12617,0.14190
0.33673,0.06708,0.20407,0.52636,0.72879,0.14687,0.16117,0.21082,0.20747,0.03103,0.18972
0.30549,0.01133,0.18658,0.42666,0.80341,0.17295,0.17527,0.16992,0.19125,-0.01764,0.16887
0.28078,-0.02007,0.17616,0.42483,0.81589,0.15675,0.13534,0.16365,0.16894,-0.04817,0.16405
0.23422,0.02384,0.23932,0.47473,0.71746,0.14949,0.20378,0.18865,0.20296,-0.06567,0.20729
0.16648,0.10737,0.25912,0.45459,0.54852,0.15355,0.23413,0.17160,0.20922,0.01415,0.20250
0.09991,0.05597,0.20808,0.37609,0.41474,0.09938,0.17285,0.08475,0.15528,-0.10413,0.15856
0.13182,0.11029,0.17385,0.30995,0.52442,0.09021,0.18686,0.10192,0.13998,-0.09480,0.23347
0.14827,0.08488,0.15150,0.27950,0.48830,0.08509,0.18364,0.14559,0.11704,-0.08914,0.26698
0.06600,0.01138,0.10114,0.19686,0.42338,0.06675,0.12066,0.08197,0.15251,-0.15237,0.29931
0.05900,0.05279,0.15186,0.20399,0.42898,0.11209,0.17847,0.09981,0.21803,-0.03967,0.34533
0.00894,0.07682,0.23363,0.16810,0.49899,0.11324,0.16636,0.07549,0.20748,-0.00881,0.32880
0.00218,0.07102,0.38312,0.22385,0.49164,0.14712,0.26863,0.09373,0.23588,0.14525,0.35409
0.01874,0.05864,0.47938,0.19658,0.72392,0.11868,0.33148,0.12333,0.23539,0.25601,0.29447
-0.00895,0.04721,0.40902,0.15368,0.70974,0.06844,0.30807,0.09689,0.20292,0.19293,0.25991
-0.03164,0.00566,0.35976,0.10979,0.54210,0.02793,0.27545,0.06799,0.12606,0.12726,0.16831
-0.02008,0.00366,0.31983,0.04398,0.53090,0.02805,0.24200,0.05404,0.09237,0.08611,0.10307
-0.00137,-0.06032,0.33756,0.04141,0.61431,0.02083,0.21617,0.06370,0.08173,0.08373,0.08732
0.04698,-0.04220,0.34673,0.00377,0.82481,0.04958,0.22806,0.14229,0.14809,0.24395,0.09822
0.04356,-0.06874,0.28068,-0.03518,0.55489,0.04238,0.21288,0.17638,0.15329,0.32085,0.03939
0.07120,-0.03652,0.29435,-0.03494,0.48312,0.06383,0.25046,0.19646,0.20533,0.38449,0.02708
0.24209,0.07736,0.36467,0.05226,0.66737,0.10298,0.25273,0.25887,0.20749,0.51212,0.01783
0.31908,0.02699,0.32655,0.11570,0.63849,0.09473,0.16504,0.24702,0.16341,0.45262,0.01563
0.22522,-0.07969,0.17286,0.02274,0.37419,0.06158,0.08466,0.14767,0.11716,0.25242,0.00012
0.18760,-0.10192,0.07950,-0.00406,0.36243,0.04406,0.03045,0.12271,0.11321,0.13736,0.01230
0.14406,-0.06777,0.06062,0.01706,0.31362,0.07459,0.01632,0.09487,0.17026,0.15670,0.05072
0.18206,-0.01128,0.15317,0.13530,0.11118,0.12526,0.02261,0.10399,0.20447,0.19587,0.05685
0.36090,0.06227,0.24405,0.18152,0.17405,0.18423,0.06996,0.15765,0.32820,0.26351,0.14906
0.33820,0.03703,0.21190,0.17002,0.22851,0.12850,0.04388,0.13302,0.32517,0.23360,0.19705
0.32194,0.10824,0.21828,0.21296,0.21110,0.12551,0.03627,0.10158,0.31026,0.19534,0.21606
0.29997,0.12896,0.19440,0.27817,0.03532,0.09284,0.06177,0.07353,0.29772,0.13808,0.17458
0.36459,0.16437,0.18487,0.35558,0.16994,0.09881,0.06866,0.07376,0.36362,0.13181,0.20989
0.38164,0.13349,0.13709,0.39783,0.21146,0.06221,0.00624,0.00941,0.26042,0.08117,0.19436
0.35659,0.09046,0.13588,0.41195,0.18678,0.07154,0.04806,-0.00586,0.26886,0.10794,0.26551
0.35714,0.13867,0.18165,0.33099,0.26395,0.09234,0.08304,0.01435,0.25916,0.14488,0.28838
0.73382,0.22570,0.22027,0.36838,0.38138,0.10328,0.12054,0.08576,0.25056,0.21882,0.19528
0.89074,0.32688,0.22833,0.45522,0.28300,0.06426,0.13835,0.12692,0.16807,0.27639,0.14115
0.68786,0.15126,0.13882,0.39858,0.16254,-0.03095,0.07866,0.08933,0.07345,0.16941,0.07454
0.79486,0.11362,0.09998,0.37796,0.35442,-0.04922,0.07640,0.06742,0.06412,0.14634,0.09676
0.78175,0.10593,0.06564,0.37863,0.43159,-0.06549,0.08538,0.03877,0.03993,0.14551,0.10117
0.65865,-0.03592,-0.02133,0.25189,0.29371,-0.14305,0.06456,-0.06039,-0.06118,0.05299,0.05737
0.70376,-0.04301,-0.05315,0.20537,0.17321,-0.14922,0.08045,-0.08638,-0.09151,0.01461,0.05407
0.56820,-0.11349,-0.16183,0.11887,0.16796,-0.18341,0.04565,-0.17035,-0.16798,-0.10566,0.01479
0.51025,-0.13745,-0.14771,0.06233,0.12387,-0.16860,-0.02123,-0.14197,-0.18707,-0.14863,-0.06886
0.41612,-0.10898,-0.16986,0.03265,0.10049,-0.18178,-0.06969,-0.16288,-0.15241,-0.16639,-0.09669
0.52361,-0.08814,-0.14882,0.03431,0.10277,-0.18190,-0.08930,-0.14943,-0.13593,-0.16359,-0.10015
0.51963,-0.04248,-0.14133,0.08818,0.12619,-0.19677,-0.06429,-0.12944,-0.11803,-0.13457,-0.09636
0.43071,-0.07629,-0.19762,0.03233,0.18501,-0.27632,-0.05936,-0.16728,-0.14492,-0.12125,-0.03291
0.27388,-0.10962,-0.24014,-0.07585,0.07465,-0.30661,-0.02324,-0.22475,-0.15602,-0.18038,-0.06297
0.29379,0.01276,-0.14322,-0.00448,0.04689,-0.23099,0.09349,-0.13077,-0.08916,-0.06903,-0.04617
0.01967,-0.10774,-0.14945,-0.13068,-0.10329,-0.20252,0.04441,-0.13803,-0.10476,-0.16983,-0.10450
-0.36303,-0.31008,-0.34811,-0.32066,-0.39751,-0.30264,-0.18973,-0.33012,-0.33154,-0.37221,-0.27390
-0.45841,-0.35287,-0.41372,-0.36234,-0.43311,-0.29219,-0.28068,-0.34444,-0.42972,-0.40547,-0.26592
-0.51181,-0.39521,-0.38496,-0.34350,-0.46909,-0.28537,-0.29772,-0.33643,-0.41301,-0.40200,-0.27318
-0.49546,-0.35778,-0.32494,-0.30256,-0.39381,-0.28199,-0.24460,-0.25406,-0.38047,-0.31213,-0.20426
-0.55916,-0.38784,-0.38382,-0.34004,-0.43084,-0.37866,-0.17435,-0.37871,-0.46915,-0.33976,-0.21895
-0.54985,-0.41933,-0.35159,-0.33096,-0.47339,-0.37974,-0.16621,-0.42448,-0.52217,-0.30866,-0.29951
-0.53490,-0.37962,-0.26694,-0.28963,-0.42932,-0.30991,-0.13077,-0.33407,-0.45811,-0.22177,-0.30058
-0.47728,-0.36522,-0.23499,-0.29019,-0.37241,-0.30103,-0.17163,-0.33234,-0.41885,-0.21534,-0.27499
-0.41164,-0.34282,-0.16556,-0.21847,-0.39693,-0.20551,-0.13384,-0.30948,-0.38180,-0.15971,-0.23001
-0.35335,-0.31335,-0.08095,-0.18047,-0.35524,-0.11030,-0.11659,-0.24450,-0.35733,-0.04853,-0.15326
-0.25205,-0.32876,-0.07108,-0.18190,-0.26303,-0.06711,-0.13992,-0.23043,-0.28845,-0.04784,-0.10765
-0.12829,-0.26348,-0.01222,-0.05629,-0.14430,-0.09822,-0.05630,-0.15592,-0.24478,0.10685,-0.05834
0.34448,-0.04283,0.47083,0.45597,0.39449,0.08544,0.20571,0.11110,0.10091,0.45917,0.15644
0.80817,0.12449,0.98299,1.86124,0.46442,0.11285,0.42137,0.25564,0.57165,0.77036,0.13237
1.23477,0.21797,1.06472,2.21472,0.58563,0.10649,0.47173,0.31901,0.65637,1.13989,0.18314
1.40520,0.22343,1.09284,1.99181,0.53465,0.29575,0.52991,0.28464,0.61376,0.93947,0.12791
1.79106,0.39452,1.63540,1.63000,0.55059,0.62427,0.49598,0.44090,0.88137,0.94079,0.17498
2.44312,0.67438,2.28556,1.47962,0.86679,0.93703,0.70021,0.92650,1.44616,1.12243,0.40689
1.64305,0.51518,1.49043,0.91186,0.59557,0.70210,0.49836,0.67289,1.10951,0.70619,0.35485
0.85412,0.22759,0.84473,0.41454,0.32289,0.43184,0.33278,0.53970,0.76495,0.49393,0.18469
0.41200,0.14609,0.71239,0.21445,0.35483,0.38238,0.22475,0.47659,0.67338,0.33809,0.08912
0.38985,0.08894,0.55416,0.20755,0.41471,0.36091,0.18706,0.40394,0.69907,0.27844,0.07434
0.23069,0.01067,0.30636,0.09093,0.22334,0.16225,0.12308,0.22493,0.44776,0.16013,0.06385
0.26299,-0.00905,0.26528,0.07197,0.16915,0.16634,0.11923,0.15722,0.36447,0.13231,0.08144
0.37148,0.00648,0.29801,0.06439,0.14093,0.17353,0.17370,0.25505,0.40681,0.21365,0.11639
0.35876,0.06732,0.33541,0.09109,0.26016,0.23780,0.18451,0.32002,0.45056,0.27643,0.13971
0.28370,0.12795,0.32358,0.03894,0.35796,0.31489,0.20242,0.30129,0.36601,0.25554,0.06497
0.24474,0.09213,0.28745,0.01572,0.31652,0.25280,0.20024,0.36911,0.33923,0.30704,0.10886
0.31953,0.17092,0.29189,0.06803,0.57062,0.26521,0.27767,0.50917,0.41286,0.40281,0.15335
0.20134,0.09662,0.13286,-0.02043,0.55510,0.13643,0.19854,0.37087,0.22548,0.27443,0.12796
0.23734,0.07235,0.08515,-0.03035,0.58005,0.09461,0.20109,0.23621,0.14779,0.22933,0.11709
0.40048,0.20030,0.20857,0.03497,0.55399,0.13664,0.29703,0.26139,0.20926,0.26838,0.21654
0.49210,0.26697,0.23997,0.00266,0.49081,0.11457,0.28406,0.25937,0.21075,0.25399,0.21698
0.45012,0.31230,0.33918,0.04729,0.60725,0.09932,0.33286,0.25976,0.26303,0.30439,0.19749
0.25325,0.16823,0.17707,-0.04756,0.45545,-0.04240,0.15026,0.04815,0.06631,0.17952,0.07779
0.09171,0.13939,0.11551,-0.07616,0.35858,-0.11548,0.09394,-0.01480,-0.00558,0.12681,0.08482
-0.05070,0.16346,0.07464,-0.04151,0.31493,-0.09860,0.01418,-0.04834,-0.06493,0.09046,0.07887
-0.01408,0.11446,0.05426,0.00694,0.30661,-0.06721,0.04234,-0.03568,-0.03137,0.05333,0.11916
-0.08744,0.03044,0.00247,0.00294,0.14356,-0.10414,0.00939,-0.03251,-0.02826,-0.01246,0.14253
-0.02271,0.01342,0.02757,0.01233,0.13205,-0.08406,0.03718,0.01656,0.01016,-0.02847,0.12052
0.01935,-0.04996,0.08355,-0.00645,0.08323,-0.06942,0.05393,0.02849,0.02895,-0.00010,0.11942
0.02377,-0.05126,0.14917,0.03725,0.03444,-0.01496,0.04648,0.01165,0.05700,0.03543,0.10134
-0.03029,-0.11345,0.10154,0.02214,-0.06447,-0.03066,-0.00158,-0.01956,0.05775,0.00271,0.06968
-0.08966,-0.18947,0.04366,0.06657,-0.06113,-0.02249,-0.05261,-0.04764,0.04297,-0.00638,0.04420
-0.11165,-0.22066,0.06717,0.13886,-0.11564,0.00935,-0.04485,-0.02362,0.06634,0.01633,0.08820
-0.10508,-0.23428,0.03137,0.00483,-0.13220,0.06141,-0.00742,0.01089,0.08151,-0.00271,0.11194
0.02636,-0.10224,0.21633,0.13325,0.13396,0.26673,0.17149,0.28069,0.29743,0.15610,0.18708
0.15441,-0.06407,0.26714,0.15697,0.23952,0.38772,0.22848,0.35525,0.38048,0.15849,0.14401
0.18125,-0.09422,0.22369,0.09397,0.14930,0.34253,0.24995,0.28656,0.37122,0.07142,0.12577
0.12364,-0.08583,0.24156,0.08105,0.03585,0.23429,0.20066,0.23160,0.28836,0.04486,0.02431
0.20495,-0.02796,0.28957,0.10881,0.13212,0.25612,0.21246,0.21599,0.31606,0.09397,0.02880
0.15377,-0.00650,0.29680,0.13936,0.16357,0.26038,0.19558,0.19351,0.30990,0.13393,0.05208
0.06101,0.03503,0.24138,0.14966,0.18765,0.24828,0.14377,0.16891,0.27897,0.07274,0.08905
0.07872,0.08012,0.23776,0.11255,0.20762,0.28603,0.16090,0.26244,0.30987,0.09144,0.14426
0.05422,0.12083,0.27895,0.12720,0.27341,0.27850,0.17198,0.27630,0.33834,0.09633,0.20888
0.25258,0.27397,0.37812,0.24456,0.46805,0.41196,0.27629,0.41683,0.40862,0.16815,0.21411
0.29517,0.36633,0.40755,0.27591,0.52615,0.43288,0.33841,0.42197,0.32919,0.18607,0.13975
0.41783,0.48185,0.47985,0.50283,0.42078,0.42553,0.33003,0.43725,0.31004,0.23507,0.14400
0.43855,0.52511,0.46569,0.62056,0.26205,0.46345,0.39878,0.44708,0.23117,0.23614,0.12327
0.33611,0.44318,0.46018,0.51722,0.20716,0.37316,0.39283,0.43371,0.18475,0.24017,0.10867
0.35377,0.46264,0.50295,0.52980,0.34653,0.41283,0.49509,0.53290,0.24988,0.33512,0.13813
0.33778,0.46823,0.59729,0.43630,0.44399,0.49907,0.53346,0.69037,0.25115,0.39406,0.23352
0.32861,0.40204,0.61182,0.39324,0.39907,0.45129,0.51875,0.64926,0.17071,0.40578,0.18635
0.32250,0.40244,0.47361,0.31020,0.30219,0.36156,0.46591,0.62463,0.12724,0.36087,0.16273
0.34661,0.37814,0.42344,0.23976,0.19629,0.28325,0.46213,0.56304,0.11815,0.37371,0.16204
0.42395,0.40891,0.40814,0.30496,0.22345,0.25293,0.47224,0.56683,0.10947,0.42672,0.14343
0.49681,0.39950,0.37464,0.34362,0.30227,0.25217,0.42213,0.56763,0.07808,0.41512,0.13144
0.35553,0.35466,0.31659,0.26563,0.21075,0.18436,0.39958,0.54416,0.06645,0.38662,0.13364
0.45763,0.39183,0.36359,0.29153,0.30256,0.21750,0.42166,0.63868,0.18394,0.47366,0.22218
0.48258,0.35596,0.31210,0.25388,0.29863,0.15673,0.38316,0.60126,0.16849,0.44375,0.17371
0.57553,0.25829,0.32354,0.26000,0.27692,0.13345,0.32140,0.57633,0.22568,0.42270,0.16728
0.57406,0.29789,0.33545,0.30402,0.23620,0.14705,0.32216,0.58672,0.20213,0.39171,0.18543
0.37301,0.25062,0.27956,0.27445,0.05476,0.07986,0.27947,0.40314,0.16786,0.29222,0.16143
0.38007,0.38636,0.30920,0.33413,0.01013,0.10411,0.38062,0.40144,0.26540,0.43320,0.20322
