0.13262,0.01519,0.47520,0.18649,-0.11140,0.25317,0.09807,0.06836,0.15298,-0.06792,0.20780
0.09928,0.02488,0.35344,0.19183,-0.18852,0.23418,0.03372,0.08870,0.14469,-0.16964,0.15431
0.04783,-0.00149,0.14784,0.12341,-0.27015,0.10753,0.01142,0.02710,0.11438,-0.27618,0.06694
0.09950,0.05307,0.23640,0.14664,-0.21281,0.10777,0.09133,0.05715,0.16661,-0.19702,0.07906
0.05674,0.06634,0.34324,0.13632,-0.14795,0.08825,0.15547,0.08313,0.23175,-0.09855,0.04933
0.13253,0.11085,0.56236,0.19562,-0.06685,0.07409,0.19425,0.23951,0.31120,0.15655,0.00638
0.13752,0.08481,0.49577,0.12939,-0.16197,0.06551,0.19266,0.32779,0.19712,0.13018,0.04716
0.06865,0.04500,0.44423,0.08016,-0.20643,0.07200,0.15617,0.13663,0.15475,0.02629,0.04460
0.11897,0.13892,0.56772,0.17199,-0.15747,0.10841,0.26676,0.25168,0.19579,0.16881,0.06469
0.18422,0.11903,0.64077,0.26126,-0.10269,0.12095,0.36784,0.24762,0.21876,0.13376,0.05229
0.10738,0.04528,0.45280,0.25787,-0.18923,0.11065,0.24666,0.16481,0.17862,-0.12642,0.00124
0.09340,-0.00989,0.30677,0.31857,-0.19706,0.06885,0.15275,0.13906,0.12029,-0.20907,-0.02463
0.08757,-0.13395,0.10302,0.24716,-0.15509,0.00320,0.06319,0.05248,0.05224,-0.27778,-0.08316
0.02214,-0.12861,0.04187,0.25148,-0.13844,0.00015,0.06467,-0.00520,0.06829,-0.28081,-0.01095
0.08762,-0.09682,0.20325,0.34952,-0.08595,0.03630,0.09100,0.01864,0.10962,-0.25037,-0.04688
0.07624,-0.12812,0.09106,0.37994,-0.12669,0.03169,0.07054,0.01265,0.06829,-0.34466,-0.05935
0.05248,-0.13218,0.02992,0.32822,-0.09271,0.04213,0.02111,0.03393,0.07238,-0.30182,-0.01443
0.00944,-0.16460,-0.01626,0.29392,-0.09073,0.02968,0.00985,0.02391,0.04924,-0.33655,-0.02068
-0.04697,-0.18880,-0.06140,0.34001,-0.10694,0.01927,-0.03684,-0.02417,0.02581,-0.35542,-0.00698
-0.11192,-0.24954,-0.16115,0.27610,-0.09934,-0.01157,-0.10070,-0.11303,0.00483,-0.38619,-0.00103
-0.20391,-0.30241,-0.07764,0.27743,-0.20605,-0.05016,-0.12281,-0.18780,-0.00270,-0.41313,-0.00787
-0.21830,-0.25236,0.17230,0.26970,-0.22233,-0.03816,-0.11880,-0.19467,0.01092,-0.36091,0.03722
-0.16912,-0.18128,0.20186,0.16741,-0.14776,-0.01323,-0.08018,-0.14638,0.04834,-0.27157,0.10770
-0.12336,-0.01903,0.31887,0.18039,-0.05735,0.04244,0.01821,-0.06229,0.07694,-0.10119,0.25394
-0.08853,0.12528,0.47037,0.34319,0.06178,0.10314,0.14488,0.04290,0.16193,0.13466,0.38557
-0.04591,0.07909,0.60589,0.30744,0.23618,0.07500,0.17483,0.15149,0.13839,0.19858,0.26083
0.02493,0.13399,0.63383,0.39908,0.39513,0.11507,0.20024,0.29219,0.18007,0.46639,0.32804
0.07168,0.29043,0.82351,0.50062,0.75201,0.17416,0.23566,0.43420,0.36705,0.94196,0.63665
0.09565,0.24012,0.77856,0.75250,0.43839,0.17140,0.25082,0.36259,0.28690,0.59117,0.51952
0.17393,0.19525,0.70251,1.09068,0.37189,0.19872,0.27841,0.34837,0.31865,0.56702,0.35804
0.25909,0.34736,0.73436,1.05267,0.56539,0.23147,0.40705,0.37246,0.37646,0.80238,0.36082
0.34217,0.47055,0.87204,1.32671,0.48571,0.27377,0.58873,0.51328,0.39483,0.88333,0.42451
0.45125,0.46595,0.81244,1.41773,0.48765,0.28469,0.61071,0.51985,0.38599,0.85275,0.36102
0.47224,0.40286,0.52828,1.09627,0.45558,0.22397,0.67380,0.58138,0.28246,0.75334,0.22711
0.29122,0.19066,0.37725,0.74494,0.40299,0.14483,0.51476,0.47498,0.16765,0.40087,0.09629
0.34645,0.06675,0.31249,0.73955,0.48366,0.16641,0.43782,0.71695,0.18987,0.31229,0.07751
0.48624,0.04925,0.26553,0.57669,0.66618,0.13633,0.36073,0.52781,0.16674,0.14955,0.13308
0.46016,0.04787,0.27135,0.42204,0.46917,0.11453,0.26986,0.44636,0.17734,0.08095,0.21416
0.52847,0.03408,0.30932,0.32641,0.57369,0.12019,0.28186,0.41025,0.18075,0.03683,0.19934
0.58782,0.03315,0.31159,0.24033,0.61465,0.10129,0.26345,0.28949,0.16451,0.02650,0.18223
0.50918,0.01325,0.38887,0.18627,0.55659,0.10680,0.31193,0.22999,0.17228,0.03496,0.21596
0.39230,0.02825,0.44542,0.13156,0.46207,0.11102,0.30887,0.15589,0.18177,0.10140,0.22790
0.34418,-0.03956,0.37427,0.09098,0.40052,0.06519,0.22790,0.10389,0.13346,-0.02276,0.19380
0.46860,-0.03162,0.30615,0.04774,0.46582,0.05816,0.24525,0.10957,0.12103,0.03515,0.28278
0.39222,-0.02570,0.27531,0.01952,0.46840,0.06355,0.20334,0.13960,0.08951,0.02001,0.30167
0.20207,-0.05628,0.20584,-0.03169,0.47903,0.05866,0.15548,0.09082,0.11891,-0.07297,0.31377
0.16400,0.00733,0.25556,0.01116,0.43476,0.08764,0.21024,0.10269,0.18917,0.02304,0.39200
0.09567,-0.02117,0.29354,-0.02577,0.52821,0.08221,0.18161,0.08971,0.16946,0.05582,0.38223
0.07808,0.00859,0.36783,-0.01057,0.49697,0.11759,0.28749,0.11973,0.20298,0.20567,0.41733
0.15859,0.02054,0.32668,0.02039,0.69087,0.10578,0.34398,0.17522,0.17233,0.33987,0.35658
0.10835,0.01280,0.17539,0.03058,0.60701,0.07037,0.33127,0.09715,0.14081,0.28527,0.33358
0.06670,-0.00848,0.08627,0.05685,0.41167,0.04947,0.31188,0.10129,0.08597,0.22465,0.23684
0.10756,-0.04269,0.06783,-0.00377,0.45807,0.18998,0.28907,0.08216,0.11246,0.15635,0.13928
0.11372,-0.05954,0.05423,0.03346,0.51217,0.42790,0.28143,0.06560,0.10280,0.14154,0.13609
0.17293,-0.05357,0.09037,0.08769,0.63330,0.47782,0.30805,0.10726,0.14047,0.31415,0.16253
0.11974,-0.06483,0.08732,0.06232,0.43960,0.60566,0.25504,0.11442,0.15253,0.30922,0.08336
0.18919,-0.03582,0.09350,0.07205,0.42327,0.65023,0.31720,0.16249,0.19286,0.38236,0.06649
0.43471,-0.00874,0.14865,0.16423,0.54430,0.47172,0.31635,0.20642,0.20417,0.51411,0.06078
0.53836,0.00573,0.11203,0.14869,0.53501,0.59326,0.21225,0.18234,0.16413,0.42159,0.06207
0.38176,-0.00295,-0.00500,0.11154,0.27835,0.73530,0.16457,0.10460,0.11041,0.23208,0.04147
0.31596,-0.05657,-0.07266,0.08829,0.25544,0.62803,0.15812,0.06542,0.09253,0.14237,0.03891
0.20215,-0.03839,-0.02549,0.07604,0.17924,0.52362,0.16013,0.03564,0.14096,0.17975,0.07127
0.16952,0.00005,0.13472,0.17427,0.04866,0.77630,0.17809,0.11169,0.17617,0.20289,0.05842
0.30775,0.08479,0.26018,0.21372,0.13340,1.30277,0.24807,0.17946,0.27523,0.21300,0.16023
0.32132,0.14563,0.19668,0.24120,0.16242,0.67790,0.18057,0.18012,0.27287,0.19312,0.25205
0.32809,0.15804,0.22469,0.30117,0.14013,0.15279,0.15574,0.15550,0.26313,0.16713,0.27735
0.25450,0.21826,0.19504,0.32581,-0.00160,0.12605,0.14599,0.14159,0.27145,0.07713,0.22055
0.28359,0.28400,0.20811,0.46664,0.12015,0.12407,0.16143,0.14415,0.31695,0.07723,0.28010
0.23441,0.24538,0.15399,0.50871,0.16160,0.07475,0.13795,0.04266,0.24120,0.04086,0.28814
0.24767,0.27880,0.15992,0.56172,0.15093,0.10219,0.17575,0.02696,0.24744,0.05869,0.38195
0.35077,0.32190,0.19933,0.51316,0.27902,0.14607,0.21777,0.05857,0.24236,0.10737,0.40548
0.48552,0.39865,0.25255,0.51097,0.47652,0.14712,0.26155,0.10625,0.25398,0.21348,0.29624
0.50321,0.50931,0.26528,0.58174,0.45980,0.10459,0.25583,0.14101,0.19117,0.28435,0.22631
0.39878,0.34086,0.16519,0.46481,0.35326,0.04032,0.20393,0.11006,0.10640,0.16098,0.13792
0.48478,0.30930,0.06828,0.44686,0.46774,0.00327,0.19163,0.05057,0.09389,0.15612,0.17232
0.48415,0.26449,0.02134,0.46331,0.48114,-0.02770,0.18087,0.01438,0.07076,0.18280,0.19065
0.29898,0.10293,-0.09636,0.22598,0.36917,-0.11906,0.13501,-0.12543,-0.02029,0.08425,0.12615
0.27318,0.04455,-0.14271,0.18538,0.30912,-0.10816,0.15585,-0.15325,-0.05201,0.04005,0.12684
0.16281,-0.07105,-0.23978,0.09014,0.27627,-0.15668,0.14518,-0.22789,-0.12455,-0.06303,0.11151
0.13741,-0.10310,-0.21214,0.04035,0.21203,-0.14330,0.06908,-0.21936,-0.13984,-0.09962,0.03799
0.17330,-0.11431,-0.23847,0.07685,0.15498,-0.16442,0.01957,-0.22245,-0.11963,-0.11583,0.00435
0.14465,-0.13902,-0.22919,0.03423,0.12462,-0.17392,-0.01216,-0.16225,-0.11259,-0.11597,-0.01497
0.10705,-0.13879,-0.23097,0.08059,0.07752,-0.19444,-0.02854,-0.16945,-0.10352,-0.09506,-0.01349
0.14983,-0.15096,-0.26779,0.00777,0.02969,-0.25997,-0.02485,-0.20512,-0.12389,-0.09706,0.07518
-0.00337,-0.17963,-0.30485,-0.04437,-0.09380,-0.29945,-0.01547,-0.21581,-0.12949,-0.17681,0.05562
0.03453,-0.12200,-0.18531,0.12159,-0.10764,-0.25128,0.05690,-0.11798,-0.07392,-0.08601,0.04298
-0.12996,-0.18077,-0.16886,-0.04848,-0.19034,-0.21466,0.00988,-0.11260,-0.09351,-0.17784,-0.04325
-0.41155,-0.31098,-0.35521,-0.25803,-0.44976,-0.29064,-0.17947,-0.32235,-0.30524,-0.35195,-0.24753
-0.46203,-0.33862,-0.41992,-0.33838,-0.48749,-0.31575,-0.24800,-0.34104,-0.41042,-0.39123,-0.22515
-0.49204,-0.31343,-0.38001,-0.31998,-0.55141,-0.33885,-0.27789,-0.32857,-0.39117,-0.41251,-0.25953
-0.45586,-0.26643,-0.31009,-0.23901,-0.47368,-0.34155,-0.27616,-0.25702,-0.34743,-0.32247,-0.22589
-0.50187,-0.31696,-0.39171,-0.30469,-0.46024,-0.43525,-0.25109,-0.37601,-0.40737,-0.32069,-0.24091
-0.55114,-0.30975,-0.34942,-0.32631,-0.44465,-0.42924,-0.29128,-0.39756,-0.43281,-0.30243,-0.31878
-0.49224,-0.23622,-0.23441,-0.25437,-0.39844,-0.35535,-0.25265,-0.30350,-0.36420,-0.25028,-0.32320
-0.45118,-0.23399,-0.20159,-0.26019,-0.32674,-0.32455,-0.24425,-0.29304,-0.33596,-0.23954,-0.31147
-0.44037,-0.19507,-0.14717,-0.20261,-0.36662,-0.26422,-0.21798,-0.27131,-0.31565,-0.21208,-0.28868
-0.39714,-0.15024,-0.06279,-0.18518,-0.33105,-0.18120,-0.21484,-0.19770,-0.28679,-0.11279,-0.22405
-0.31129,-0.10870,-0.06087,-0.23787,-0.25881,-0.10994,-0.20170,-0.17607,-0.21147,-0.10993,-0.13575
-0.16992,-0.02080,-0.01752,-0.12138,-0.20239,-0.11520,-0.16426,-0.11312,-0.16208,0.03611,-0.06689
0.29661,0.26196,0.45295,0.23849,0.29498,0.10080,0.03407,0.20147,0.24433,0.32538,0.15797
0.58949,0.33115,0.84313,1.02284,0.33984,0.25428,0.21337,0.34570,0.87763,0.57507,0.09350
0.68340,0.30319,0.74760,1.09342,0.43287,0.23515,0.26551,0.35263,0.98029,0.87401,0.16429
0.72358,0.37130,0.87205,0.99647,0.38216,0.38060,0.31158,0.32541,0.79485,0.79238,0.13268
0.97274,0.56731,1.29136,0.92425,0.31099,0.70587,0.27356,0.50311,0.96754,0.72835,0.14969
1.52623,0.72693,1.74242,1.03479,0.41889,1.16352,0.50952,1.10156,1.43604,0.82934,0.34257
0.96852,0.57362,1.09866,0.70307,0.31675,0.73376,0.37425,0.76707,0.89381,0.63865,0.29326
0.42072,0.38959,0.59427,0.34863,-0.00295,0.31995,0.24086,0.60712,0.61713,0.48883,0.15324
0.32876,0.29154,0.41152,0.25163,-0.09648,0.26995,0.15244,0.62964,0.60481,0.39840,0.07318
0.36380,0.30291,0.41820,0.24384,-0.00791,0.30092,0.09268,0.66570,0.59309,0.38771,0.06128
0.16430,0.18560,0.18578,0.16769,-0.04522,0.11387,0.00393,0.20952,0.34555,0.24870,0.02186
0.07755,0.13395,0.16380,0.15209,-0.04002,0.10033,0.00213,0.11648,0.29489,0.16014,0.03234
0.10781,0.17955,0.21269,0.12126,-0.03553,0.15056,0.04208,0.19514,0.31424,0.19838,0.06083
0.15985,0.25677,0.24550,0.11739,0.05309,0.19078,0.07752,0.32309,0.32108,0.22944,0.07989
0.18730,0.24343,0.26624,0.10578,0.17078,0.21542,0.09982,0.44318,0.24691,0.18818,0.01809
0.21579,0.20554,0.23456,0.06218,0.19169,0.16396,0.08338,0.36506,0.22991,0.25257,0.07309
0.28352,0.26733,0.25370,0.12162,0.47085,0.18950,0.10238,0.47085,0.28017,0.39394,0.12305
0.17419,0.17736,0.11317,0.05337,0.43574,0.04979,0.08466,0.28637,0.13784,0.24848,0.09658
0.19252,0.12071,0.06172,0.03639,0.44610,-0.01038,0.11350,0.14873,0.08493,0.16474,0.09082
0.28889,0.14474,0.15798,0.19042,0.52626,0.05937,0.20119,0.16203,0.13663,0.22141,0.20511
0.29123,0.15507,0.16489,0.18890,0.55551,0.07459,0.19340,0.17413,0.14362,0.18711,0.19518
0.31000,0.18831,0.23468,0.20596,0.63463,0.04582,0.24901,0.18377,0.17353,0.19660,0.17452
0.04074,0.02680,0.06044,0.08589,0.42566,-0.09022,0.07087,-0.00677,0.01842,0.11820,0.08255
-0.05437,-0.03347,-0.00566,0.06856,0.32498,-0.16455,0.00036,-0.06565,-0.04475,0.09662,0.09315
-0.10128,-0.05074,-0.00053,0.11490,0.22887,-0.16139,-0.04097,-0.08670,-0.08711,0.08623,0.07899
-0.07743,-0.05019,-0.00887,0.20156,0.18178,-0.13908,-0.01817,-0.05418,-0.04179,0.07081,0.12833
-0.12600,-0.06792,-0.03946,0.17669,0.01202,-0.16151,-0.06067,-0.06002,-0.01439,0.01763,0.14195
-0.09288,-0.03348,-0.03170,0.17959,0.00550,-0.12848,-0.03694,0.00851,0.02429,0.00329,0.08127
-0.07440,-0.02947,0.00887,0.17140,-0.02372,-0.08663,0.01672,0.02787,0.03335,0.03395,0.07880
-0.07708,-0.03328,0.06620,0.18531,-0.05824,-0.03045,-0.00415,0.03771,0.06335,0.08549,0.08178
-0.11548,-0.06257,0.00879,0.11359,-0.12775,-0.05234,-0.03811,0.03196,0.06759,0.06039,0.05385
-0.14091,-0.04688,-0.02562,0.05560,-0.10507,-0.07643,-0.09062,0.00060,0.04942,0.02808,0.02100
-0.15504,-0.04427,0.01020,0.12019,-0.08884,-0.05484,-0.07456,0.02981,0.06647,0.06779,0.05135
-0.11168,-0.01709,0.01145,0.03690,-0.04999,-0.01134,-0.03198,0.10194,0.09009,0.06245,0.07472
0.11106,0.17713,0.21991,0.21766,0.22002,0.16693,0.15087,0.39469,0.28411,0.27443,0.13456
0.20113,0.27880,0.30766,0.21335,0.24653,0.31269,0.25955,0.53668,0.35280,0.26510,0.09375
0.19901,0.21953,0.23207,0.15430,0.20264,0.26830,0.27647,0.43721,0.34687,0.15727,0.10451
0.12293,0.11969,0.20689,0.10471,0.16032,0.20480,0.21386,0.35159,0.25549,0.08048,0.02135
0.15491,0.12591,0.23548,0.09266,0.30707,0.23139,0.23663,0.28837,0.27700,0.10229,0.03342
0.15805,0.14224,0.26641,0.11727,0.34383,0.22428,0.23750,0.22333,0.26738,0.10874,0.06757
0.07730,0.14241,0.22766,0.10111,0.29622,0.18992,0.14939,0.18727,0.24178,0.03260,0.09748
0.07441,0.17037,0.22394,0.09498,0.26951,0.20701,0.18146,0.25487,0.27805,0.02833,0.14486
0.04598,0.25999,0.24159,0.13986,0.28705,0.21884,0.15579,0.23617,0.28802,0.01597,0.23865
0.17937,0.34360,0.38988,0.23786,0.45081,0.39202,0.23546,0.38520,0.32946,0.10867,0.21654
0.23514,0.37269,0.43445,0.23713,0.44265,0.44735,0.26360,0.41932,0.23701,0.14590,0.14673
0.18064,0.38976,0.45414,0.41581,0.28296,0.48410,0.24612,0.41317,0.20982,0.18975,0.13818
0.15318,0.32609,0.43786,0.47911,0.12800,0.66741,0.28027,0.42196,0.13941,0.18751,0.11868
0.16830,0.28345,0.37442,0.43625,0.07834,0.49571,0.20516,0.38743,0.10704,0.21156,0.10507
0.22543,0.38607,0.38227,0.40506,0.13373,0.50010,0.22464,0.44871,0.15906,0.32175,0.11945
0.30092,0.56001,0.46533,0.37614,0.21937,0.62654,0.28280,0.56697,0.17032,0.38608,0.18396
0.28751,0.53872,0.48724,0.41167,0.19339,0.55557,0.27747,0.55607,0.09594,0.35417,0.12543
0.19726,0.51633,0.35654,0.30413,0.06053,0.43266,0.25065,0.54641,0.05911,0.31106,0.10762
0.19646,0.45403,0.27843,0.22730,-0.09575,0.36540,0.20980,0.48539,0.04342,0.29774,0.10153
0.24620,0.55075,0.24951,0.26282,-0.08398,0.31415,0.19508,0.49496,0.02618,0.32252,0.07785
0.32991,0.44713,0.21624,0.30389,-0.00119,0.27481,0.17121,0.51429,0.00168,0.35886,0.05678
0.22880,0.25287,0.14944,0.23675,-0.04205,0.19070,0.16816,0.47117,-0.00298,0.25416,0.08157
0.28299,0.25510,0.18878,0.27330,0.04213,0.22921,0.20429,0.52520,0.12136,0.30886,0.19153
0.29399,0.17989,0.12700,0.19333,0.04023,0.14676,0.18983,0.43190,0.11309,0.27513,0.12768
0.29325,0.19217,0.13815,0.14664,0.04602,0.12336,0.19050,0.39668,0.16893,0.21454,0.12942
0.23517,0.17692,0.15870,0.16905,0.01782,0.15609,0.22594,0.38253,0.15167,0.16832,0.13383
0.04546,0.05505,0.12033,0.17348,-0.09709,0.10422,0.19550,0.25615,0.12037,0.07852,0.10089
-0.00167,0.07282,0.17091,0.24139,-0.11935,0.12815,0.23751,0.26832,0.20981,0.13309,0.16059
-0.09835,0.05711,0.18628,0.22278,-0.22649,0.10420,0.24669,0.25482,0.24594,0.13422,0.21515
-0.15961,0.02844,0.22992,0.24824,-0.21954,0.08786,0.24093,0.21960,0.28746,0.11786,0.24369
-0.11277,0.14051,0.28367,0.29573,-0.05614,0.15363,0.31137,0.28109,0.26947,0.18883,0.16933
-0.14866,0.10233,0.29290,0.17339,-0.11107,0.12605,0.33609,0.24454,0.24542,0.16267,0.08847
-0.11309,0.13138,0.31318,0.16155,-0.11448,0.18569,0.41079,0.27902,0.22499,0.17677,0.07190
-0.08172,0.14703,0.29227,0.18693,-0.09397,0.24371,0.37984,0.27077,0.16145,0.19605,0.06266
-0.07500,0.15764,0.27329,0.15767,-0.16374,0.22263,0.40869,0.21922,0.10879,0.15878,-0.01623
-0.13321,0.14416,0.30692,0.14444,-0.14414,0.23213,0.42446,0.23555,0.08793,0.11752,-0.00858
-0.10151,0.15320,0.26539,0.17223,-0.16731,0.20544,0.42743,0.23931,0.04719,0.11940,-0.00491
-0.16655,0.10635,0.18589,0.17841,-0.16686,0.13175,0.36584,0.23785,0.01858,0.13284,-0.04898
0.04415,0.21821,0.21774,0.21094,-0.03029,0.19320,0.28061,0.33173,0.07850,0.27618,-0.00313
0.01390,0.17010,0.11976,0.16049,-0.02967,0.13833,0.26068,0.29725,0.02354,0.25962,-0.07176
-0.02653,0.13702,0.06513,0.13763,-0.01266,0.08885,0.23944,0.25264,-0.00627,0.22844,-0.10257
-0.05446,0.05084,-0.04151,0.11924,-0.13717,-0.01766,0.12294,0.11593,-0.08939,0.08138,-0.11777
-0.08691,-0.06832,-0.05516,0.16117,-0.34234,-0.10073,0.03078,0.08015,-0.07484,0.00295,-0.00837
0.11857,-0.00652,0.00598,0.24950,-0.16044,-0.05310,0.05463,0.16591,0.01198,0.09272,0.11462
0.13158,0.01465,0.01801,0.20066,-0.19374,-0.04718,0.11174,0.15782,0.06424,0.12513,0.08586
0.05915,0.04090,-0.02075,0.15198,-0.27632,-0.04633,0.09410,0.11332,0.12461,0.12866,0.08524
