-0.00443,0.24821,0.43895,0.21988,0.39344,0.29373,0.28843,0.13205,0.17951,-0.06302,0.27807
0.00272,0.14147,0.36198,0.26024,0.30513,0.27447,0.15142,0.13292,0.19281,-0.03511,0.14733
-0.04130,0.01731,0.20379,0.21834,0.10543,0.15073,0.04909,0.03870,0.11627,-0.15515,0.02709
0.01865,0.11289,0.26983,0.18666,0.18820,0.16297,0.11077,0.05168,0.13418,-0.04878,0.01088
-0.00149,0.18641,0.23235,0.21043,0.23461,0.19422,0.15497,0.03979,0.16829,0.10654,0.01942
-0.00093,0.42291,0.32063,0.30414,0.09245,0.19630,0.12127,0.08509,0.20386,0.45525,0.00058
-0.01028,0.34653,0.24363,0.22397,-0.06380,0.16610,0.05255,0.04300,0.17620,0.35402,0.04704
0.02261,0.36522,0.22288,0.17999,-0.17118,0.15087,-0.04989,0.01749,0.17984,0.17928,0.00786
0.06744,0.44646,0.31928,0.24852,-0.13254,0.22259,0.06736,0.12659,0.27064,0.34181,0.04050
0.15851,0.57647,0.33823,0.30289,-0.07366,0.26065,0.06707,0.16396,0.33830,0.35540,0.00610
0.09437,0.32811,0.29501,0.34137,-0.16203,0.23864,-0.12501,0.09601,0.33489,0.07863,-0.04016
0.09315,0.22239,0.25364,0.30461,-0.20766,0.17102,-0.20778,0.02946,0.25316,-0.00555,-0.08450
0.05817,-0.01453,0.13010,0.17697,-0.11565,0.09325,-0.26126,-0.03049,0.15274,-0.05263,-0.12680
0.08731,0.03147,0.08045,0.20489,-0.10453,0.09681,-0.20569,-0.05641,0.13877,-0.07910,-0.07903
0.10805,0.20665,0.19690,0.23471,-0.00127,0.12374,-0.16323,0.00541,0.20860,-0.04207,-0.08262
0.06136,0.27273,0.15008,0.23512,-0.10540,0.10603,-0.15571,0.00144,0.15162,-0.09131,-0.09815
0.09238,0.32542,0.11289,0.23095,-0.05915,0.10371,-0.14600,-0.02544,0.12427,-0.07291,-0.06927
0.11551,0.08176,0.01817,0.22064,0.04670,0.06590,-0.19349,-0.04970,0.08741,-0.18138,-0.05016
0.06782,-0.06303,-0.02318,0.27514,0.02370,0.03044,-0.18751,-0.08015,0.05069,-0.20698,-0.06637
0.02492,-0.17123,-0.11595,0.24328,0.08461,-0.00939,-0.17717,-0.14752,0.03394,-0.20979,-0.10215
-0.04123,-0.23022,-0.16530,0.24087,-0.10946,-0.04148,-0.21458,-0.22407,0.00838,-0.24409,-0.12736
-0.07314,-0.15704,-0.13297,0.25856,-0.07673,-0.03304,-0.21252,-0.22820,0.01507,-0.19324,-0.11416
-0.02105,0.04942,-0.11892,0.09247,-0.02250,0.00964,-0.01305,-0.18073,0.05078,-0.04442,-0.05900
0.01982,0.24514,-0.06537,0.14143,0.08359,0.10090,0.17993,-0.09330,0.06839,0.13761,0.03772
0.11564,0.48818,0.03096,0.30011,0.13579,0.18159,0.27334,0.00501,0.16767,0.29050,0.11805
0.14561,0.33053,0.07668,0.19825,0.18138,0.13349,0.16017,0.07447,0.15670,0.29155,0.07174
0.28289,0.33655,0.13002,0.28381,0.18502,0.20302,0.30936,0.16194,0.20204,0.56927,0.14152
0.36494,0.38787,0.23394,0.36058,0.29700,0.27484,0.29809,0.32854,0.32702,0.77539,0.29525
0.24659,0.12354,0.22545,0.33669,0.20016,0.28401,0.14042,0.31477,0.32411,0.52381,0.21877
0.26522,0.20378,0.25026,0.31745,0.20713,0.31744,0.21239,0.35266,0.36399,0.50668,0.14425
0.28790,0.37341,0.32293,0.32404,0.33364,0.37785,0.28577,0.40946,0.44424,0.62377,0.17045
0.29340,0.36660,0.52998,0.41966,0.33607,0.46714,0.40617,0.53249,0.54378,0.69007,0.27819
0.30246,0.30433,0.56518,0.47275,0.52480,0.44553,0.44678,0.54511,0.57011,0.58444,0.25259
0.36781,0.24363,0.47235,0.46925,0.52167,0.36374,0.56885,0.50534,0.42331,0.45434,0.17646
0.32802,-0.03111,0.36096,0.44986,0.34963,0.23310,0.31908,0.33677,0.25620,0.23748,0.07750
0.38879,-0.09919,0.36667,0.42347,0.39009,0.19957,0.12186,0.32652,0.26683,0.20840,0.06930
0.34103,-0.14808,0.32067,0.35796,0.50203,0.15158,0.07199,0.26545,0.23657,0.06925,0.12098
0.30157,-0.21739,0.26536,0.33793,0.38360,0.18877,0.04431,0.18257,0.24384,-0.05502,0.15887
0.38409,-0.24850,0.25770,0.25396,0.54559,0.21636,0.03953,0.18982,0.24023,-0.09061,0.13266
0.43050,-0.31297,0.19817,0.18831,0.61517,0.19837,-0.00257,0.18004,0.22933,-0.10464,0.13104
0.52686,-0.23046,0.28243,0.21788,0.62913,0.19716,0.11098,0.20812,0.27286,-0.11195,0.17406
0.54788,-0.14604,0.32080,0.24791,0.53837,0.20442,0.12483,0.17894,0.28150,-0.01279,0.15778
0.36244,-0.21362,0.26349,0.22033,0.43503,0.13958,0.03150,0.09292,0.21080,-0.08118,0.11649
0.33990,-0.18956,0.22807,0.20047,0.61336,0.13762,0.03425,0.11402,0.19379,-0.04471,0.14770
0.38366,-0.18022,0.21619,0.16892,0.59210,0.14649,0.03053,0.14435,0.16168,0.00355,0.15929
0.27388,-0.25136,0.15159,0.06901,0.50242,0.14353,-0.01935,0.06260,0.21739,-0.00632,0.18066
0.29205,-0.16638,0.18739,0.05951,0.51231,0.22687,0.04265,0.11639,0.31571,0.14578,0.22428
0.13413,-0.11034,0.20322,0.03232,0.61895,0.24986,0.05974,0.10561,0.29881,0.14925,0.21940
0.12578,-0.04974,0.29571,0.07370,0.70789,0.31997,0.20798,0.12709,0.31612,0.26394,0.23012
0.15084,0.11762,0.28026,0.06459,0.92733,0.31679,0.25063,0.18788,0.26604,0.36725,0.20680
0.04347,0.15178,0.19741,0.03905,0.82085,0.29213,0.21927,0.11400,0.21553,0.21355,0.19863
-0.00643,0.19340,0.15888,0.02676,0.60423,0.27600,0.27953,0.10395,0.12601,0.13243,0.12516
-0.00512,0.14805,0.13452,-0.02555,0.68291,0.34918,0.24280,0.08244,0.09925,0.13422,0.06710
-0.01920,0.03570,0.12832,0.00504,0.76404,0.29811,0.23003,0.09678,0.08365,0.14766,0.06981
0.02845,0.08217,0.15585,0.06366,0.98910,0.33306,0.35933,0.17768,0.16234,0.32883,0.08385
0.02794,0.06411,0.13975,0.05338,0.69709,0.30541,0.38994,0.21829,0.14357,0.37852,0.04034
0.08363,0.12517,0.13489,0.05128,0.67118,0.32671,0.55767,0.24651,0.18760,0.30470,0.02032
0.24904,0.14473,0.17894,0.12129,0.98413,0.35299,0.54229,0.37786,0.17030,0.36193,0.00596
0.29119,0.02204,0.11294,0.12049,1.06804,0.25868,0.34544,0.37841,0.09526,0.28261,-0.00890
0.17752,-0.07932,0.01961,0.08681,0.68189,0.19279,0.25408,0.26180,0.04156,0.12774,-0.02300
0.12010,-0.12968,-0.04603,0.05754,0.62198,0.14693,0.16850,0.22475,0.04265,0.05521,-0.00506
0.15291,-0.07124,-0.02096,0.06696,0.59480,0.17598,0.20904,0.17296,0.10716,0.05894,0.02314
0.27400,-0.02970,0.07951,0.15646,0.38717,0.22381,0.20866,0.18116,0.15162,0.14366,0.02092
0.46843,0.03579,0.17446,0.21113,0.49725,0.28479,0.24994,0.24426,0.26932,0.23998,0.10064
0.39597,0.11157,0.12614,0.20494,0.51633,0.22303,0.28711,0.22822,0.26340,0.22871,0.13897
0.40557,0.18598,0.13957,0.22140,0.49399,0.21816,0.26411,0.21799,0.26162,0.16696,0.16185
0.41687,0.25519,0.12812,0.16192,0.21821,0.18078,0.21724,0.17290,0.24029,0.07306,0.14553
0.48579,0.44568,0.15416,0.18951,0.31769,0.16417,0.18043,0.16902,0.30562,0.06636,0.16752
0.48241,0.42343,0.11516,0.22117,0.30798,0.09210,0.09365,0.13576,0.21183,0.08029,0.15798
0.52104,0.49943,0.14468,0.28700,0.22579,0.10178,0.16670,0.12207,0.24081,0.10906,0.21397
0.47762,0.49739,0.20359,0.31555,0.27472,0.12089,0.19696,0.15017,0.23033,0.14480,0.22220
0.89698,0.53422,0.24258,0.33405,0.46493,0.14465,0.16075,0.23041,0.18595,0.25104,0.13950
1.12227,0.58801,0.25794,0.31958,0.41958,0.10106,0.12710,0.28110,0.09200,0.32660,0.08873
0.92807,0.29295,0.16938,0.22001,0.24607,0.00522,0.05622,0.23223,0.01004,0.24788,0.03136
0.98033,0.28460,0.09031,0.16256,0.47653,-0.01954,0.06295,0.24650,0.00601,0.23347,0.03739
0.99161,0.25925,0.07410,0.15187,0.52601,-0.02732,0.04635,0.20473,-0.00223,0.20939,0.03197
0.84617,0.02121,-0.05425,0.04740,0.35884,-0.10908,-0.01689,0.04505,-0.10863,0.04740,-0.01653
0.84752,-0.10637,-0.11456,0.01940,0.29274,-0.11236,0.03832,0.04005,-0.17262,0.02503,-0.02613
0.64965,-0.23851,-0.23401,-0.01061,0.34944,-0.17534,-0.00408,-0.04340,-0.25680,-0.10237,-0.08044
0.59455,-0.32070,-0.22681,-0.02195,0.34286,-0.16639,-0.08779,-0.04244,-0.27022,-0.10018,-0.14920
0.46985,-0.36690,-0.23739,0.01597,0.34011,-0.18338,-0.11791,-0.07834,-0.23580,-0.09316,-0.18538
0.58298,-0.39083,-0.23279,-0.02747,0.38247,-0.18467,-0.12691,-0.08614,-0.19779,-0.09912,-0.17279
0.57417,-0.31598,-0.24221,-0.05423,0.38564,-0.17673,-0.10854,-0.11784,-0.14915,-0.05184,-0.17118
0.48385,-0.36899,-0.31358,-0.12111,0.46475,-0.26772,-0.08145,-0.17625,-0.16575,-0.04667,-0.13197
0.28584,-0.41065,-0.34904,-0.13272,0.28865,-0.30024,-0.03028,-0.26115,-0.18431,-0.18491,-0.15195
0.34360,-0.32041,-0.22707,-0.01265,0.27595,-0.19306,0.09437,-0.15773,-0.11450,-0.13795,-0.10638
0.06552,-0.31553,-0.18342,-0.07489,0.05419,-0.17714,0.04856,-0.21551,-0.12350,-0.24815,-0.12523
-0.34593,-0.45389,-0.42302,-0.23882,-0.33527,-0.35046,-0.14871,-0.41431,-0.39200,-0.47028,-0.26066
-0.42584,-0.47573,-0.50153,-0.28058,-0.39302,-0.38059,-0.22650,-0.41637,-0.50173,-0.50563,-0.26936
-0.48531,-0.42693,-0.46418,-0.26734,-0.48755,-0.37143,-0.25432,-0.38469,-0.47187,-0.49945,-0.27334
-0.44789,-0.38668,-0.39553,-0.21176,-0.39134,-0.34796,-0.19061,-0.31501,-0.43964,-0.40474,-0.19552
-0.50562,-0.41509,-0.45587,-0.26983,-0.45152,-0.46104,-0.11238,-0.42651,-0.55172,-0.44699,-0.20684
-0.47235,-0.38064,-0.41352,-0.34043,-0.47683,-0.47890,-0.16836,-0.42780,-0.62728,-0.45995,-0.27512
-0.42190,-0.30403,-0.29456,-0.26322,-0.45487,-0.40643,-0.17242,-0.30913,-0.54819,-0.37005,-0.27204
-0.32027,-0.33654,-0.26248,-0.20528,-0.42414,-0.39736,-0.14371,-0.29990,-0.50245,-0.34892,-0.27052
-0.30487,-0.24838,-0.18143,-0.09685,-0.46905,-0.31466,-0.06381,-0.25583,-0.46224,-0.30687,-0.21695
-0.20838,-0.11404,-0.08736,-0.06537,-0.41550,-0.24410,-0.04746,-0.19634,-0.43226,-0.15290,-0.11968
-0.11517,-0.05000,-0.06687,-0.10439,-0.30801,-0.21043,-0.07262,-0.20928,-0.34713,-0.07872,-0.10396
0.04341,-0.02531,-0.04954,-0.03119,-0.17443,-0.22779,-0.01715,-0.10921,-0.32251,0.11843,-0.07868
0.62896,0.24788,0.55612,0.27542,0.41758,0.00848,0.19403,0.22883,0.00523,0.63347,0.10365
1.08032,0.34099,1.24649,0.68338,0.52105,0.15522,0.32220,0.42725,0.43266,1.06691,0.12779
1.23402,0.25855,1.28574,0.70564,0.74504,0.14544,0.35691,0.37495,0.41202,1.26094,0.19602
1.28111,0.52370,1.29407,0.66290,0.68324,0.31283,0.39543,0.41791,0.50295,1.21844,0.15428
1.33409,1.18588,1.68913,0.75504,0.70504,0.65074,0.39919,0.66867,0.92360,1.31618,0.23092
1.49467,1.51002,2.20609,1.03152,0.80071,1.05881,0.68954,1.08809,1.82372,1.46959,0.49796
0.93617,1.47215,1.31916,0.78162,0.54417,0.68656,0.61637,0.72844,1.18528,0.90232,0.43292
0.39680,0.99022,0.71812,0.47438,0.34855,0.46353,0.51509,0.58357,0.72677,0.56409,0.33382
0.26682,0.78361,0.56663,0.33550,0.40555,0.41273,0.42294,0.52883,0.64140,0.36088,0.23637
0.27926,0.85285,0.42748,0.30293,0.46598,0.38327,0.35280,0.47638,0.65215,0.23630,0.21400
0.16585,0.53950,0.22662,0.23743,0.32177,0.19699,0.26781,0.30173,0.35045,0.08093,0.18645
0.18928,0.43633,0.24763,0.24863,0.28108,0.22572,0.26438,0.21664,0.30231,0.03229,0.20482
0.29467,0.44156,0.30769,0.26314,0.25499,0.23324,0.32646,0.28042,0.41371,0.09602,0.23606
0.34922,0.56802,0.36012,0.26801,0.34696,0.25979,0.30854,0.34647,0.47561,0.17687,0.23050
0.35739,0.63198,0.39745,0.26741,0.44608,0.29830,0.31577,0.34123,0.39007,0.16688,0.14019
0.41706,0.42798,0.36608,0.24028,0.36181,0.27218,0.27654,0.34282,0.37082,0.18260,0.17341
0.50759,0.58402,0.38851,0.23880,0.62370,0.36404,0.30001,0.43412,0.46462,0.25762,0.22478
0.44162,0.53654,0.21506,0.18581,0.62785,0.23856,0.26034,0.28536,0.23378,0.18451,0.20990
0.51234,0.42769,0.16736,0.19713,0.62562,0.21470,0.33097,0.20454,0.15607,0.19898,0.20706
0.78096,0.51459,0.30447,0.31376,0.64169,0.28245,0.40173,0.24556,0.24038,0.31334,0.30884
0.91006,0.54884,0.40273,0.31756,0.64372,0.27377,0.40759,0.24907,0.25163,0.30003,0.30381
0.84456,0.64459,0.54665,0.34858,0.80352,0.28962,0.44952,0.27944,0.34024,0.34451,0.27855
0.53379,0.40639,0.31718,0.22186,0.62067,0.14658,0.25865,0.08093,0.08691,0.18026,0.16055
0.34213,0.36416,0.24002,0.17525,0.46636,0.07093,0.24410,0.02650,-0.00933,0.11819,0.18000
0.16590,0.37456,0.21002,0.15381,0.33143,0.08936,0.19582,-0.01777,-0.07837,0.08061,0.18858
0.18000,0.35606,0.24224,0.19623,0.35773,0.12072,0.17430,-0.00975,-0.04766,0.10631,0.21229
0.09875,0.33396,0.18859,0.16529,0.25536,0.08109,0.08846,-0.01150,-0.05029,0.06287,0.22139
0.20193,0.39778,0.23840,0.21922,0.24397,0.09051,0.17883,0.05288,-0.00394,0.10288,0.20831
0.30373,0.27341,0.32791,0.21231,0.15585,0.08939,0.26412,0.11806,0.01196,0.18921,0.20551
0.31989,0.31525,0.40097,0.20677,0.12439,0.12381,0.27034,0.09871,0.04551,0.23005,0.18326
0.27090,0.23139,0.34305,0.15456,0.06813,0.08693,0.20796,0.09238,0.03626,0.15453,0.15534
0.17931,0.13392,0.31924,0.05504,0.09090,0.08063,0.18379,0.05876,0.02799,0.09102,0.12476
0.13912,0.07516,0.28837,0.08948,-0.01654,0.09775,0.17410,0.06899,0.07232,0.06223,0.18295
0.17180,0.11301,0.24250,0.03436,-0.07144,0.12335,0.22268,0.09242,0.09149,0.13423,0.21126
0.43828,0.38146,0.60127,0.16388,0.10421,0.31365,0.46419,0.35949,0.36037,0.58093,0.28856
0.60332,0.36438,0.69639,0.21100,0.22947,0.39995,0.50820,0.43583,0.48488,0.53952,0.23681
0.62521,0.29353,0.65856,0.19035,0.20896,0.35595,0.53810,0.39896,0.47515,0.39458,0.20678
0.54995,0.13647,0.59795,0.14468,0.14648,0.27869,0.51898,0.34093,0.36442,0.24924,0.12265
0.64224,0.13540,0.58595,0.15104,0.25030,0.28111,0.63023,0.34947,0.37086,0.31790,0.12518
0.52735,0.10871,0.55848,0.14611,0.27030,0.27840,0.55709,0.34308,0.33282,0.34135,0.14240
0.35467,0.11104,0.46385,0.14341,0.30858,0.24374,0.44876,0.27162,0.29887,0.21454,0.17368
