-0.01845,0.21596,0.24643,0.02980,0.36142,0.27706,0.27559,0.13600,0.15213,-0.04244,0.28165
-0.02093,0.08021,0.27678,0.01368,0.26106,0.26275,0.25034,0.14236,0.17450,-0.02497,0.13495
-0.06363,-0.03875,0.17487,-0.06189,0.04461,0.16280,0.18933,0.03224,0.12335,-0.13957,0.00508
0.00396,0.05012,0.22597,-0.00329,0.10520,0.16735,0.15393,0.03227,0.15176,-0.00802,-0.00304
-0.01248,0.11607,0.20184,0.06962,0.16827,0.21002,0.11365,0.06501,0.20339,0.16083,0.00590
-0.02970,0.34021,0.26558,0.15775,0.07475,0.23612,0.12292,0.14086,0.21620,0.45213,0.00128
-0.01266,0.28996,0.20454,0.21984,-0.08929,0.20919,0.06571,0.09025,0.18203,0.33409,0.04924
0.03538,0.31808,0.15512,0.15772,-0.14363,0.18376,0.02515,0.06430,0.20353,0.19203,0.00606
0.07121,0.35423,0.24680,0.25424,-0.06719,0.24635,0.10275,0.19027,0.27061,0.36016,0.04706
0.13703,0.44828,0.30833,0.37427,0.03675,0.29476,0.10567,0.22021,0.31930,0.37119,-0.00147
0.08141,0.21357,0.29820,0.34352,-0.05880,0.28175,0.04248,0.13825,0.31259,0.07379,-0.06150
0.11922,0.09095,0.25453,0.29032,-0.09605,0.20505,-0.03934,0.05770,0.25169,-0.01373,-0.13232
0.12957,-0.08837,0.16799,0.11671,0.00552,0.12432,-0.12431,-0.04104,0.14914,-0.08527,-0.19347
0.18172,-0.04218,0.11110,0.11134,0.01695,0.12745,-0.09296,-0.07210,0.13059,-0.09257,-0.13720
0.21122,0.10513,0.18763,0.15086,0.12271,0.15190,-0.03382,-0.00611,0.17398,-0.04616,-0.13394
0.12318,0.16457,0.14804,0.10141,0.08667,0.13414,-0.00943,0.01129,0.09867,-0.09272,-0.15754
0.17576,0.26187,0.11884,0.04208,0.07350,0.14054,0.00980,-0.00838,0.08333,-0.07143,-0.12261
0.18016,0.02248,0.05712,0.00073,0.15612,0.09847,-0.03770,-0.04090,0.07252,-0.16851,-0.11540
0.13948,-0.09357,-0.00230,-0.03204,0.14117,0.05377,-0.05736,-0.06667,0.05458,-0.17385,-0.14220
0.02090,-0.18342,-0.09297,-0.08766,0.15857,0.02074,-0.04858,-0.14600,0.04596,-0.19207,-0.21155
-0.08462,-0.19969,-0.13775,-0.12722,-0.02781,-0.00887,-0.08616,-0.22589,0.03301,-0.22555,-0.24184
-0.10368,-0.14082,-0.12646,-0.10844,-0.04911,-0.00612,-0.10075,-0.21998,0.04777,-0.16746,-0.21541
-0.07261,0.09181,-0.11483,-0.10940,-0.02660,0.03839,0.02233,-0.17397,0.09642,-0.02859,-0.15655
-0.08681,0.31345,-0.06958,-0.05342,0.06612,0.13096,0.14853,-0.07649,0.09043,0.13537,-0.03929
-0.02051,0.56100,0.03428,0.07274,0.13516,0.21568,0.26264,0.04422,0.18035,0.29484,0.03584
0.04609,0.40149,0.07236,0.14652,0.16167,0.17604,0.18882,0.10907,0.18367,0.29870,-0.03058
0.17636,0.41283,0.10519,0.23717,0.16374,0.24293,0.26928,0.22155,0.21525,0.57669,0.05589
0.26991,0.46177,0.17524,0.26387,0.23505,0.31009,0.20263,0.39879,0.32413,0.82843,0.15311
0.22299,0.12432,0.17063,0.22843,0.19481,0.30506,0.16201,0.33460,0.31579,0.58754,0.07138
0.29319,0.19245,0.21298,0.22380,0.21330,0.33425,0.24898,0.33650,0.33289,0.55427,0.06310
0.35432,0.32427,0.31214,0.26960,0.33361,0.39462,0.29965,0.38402,0.39827,0.68053,0.13334
0.46660,0.31188,0.50362,0.40047,0.31736,0.48025,0.34173,0.50110,0.47926,0.71752,0.37607
0.62007,0.20675,0.50676,0.40778,0.48222,0.45257,0.37585,0.51261,0.48757,0.59508,0.41490
0.60082,0.15537,0.44171,0.31097,0.52086,0.37559,0.41143,0.49783,0.33207,0.45469,0.26656
0.43983,-0.09568,0.32275,0.16779,0.34839,0.23698,0.25707,0.36828,0.19838,0.22109,0.10430
0.47470,-0.14403,0.33203,0.14876,0.36833,0.19673,0.14325,0.34220,0.22744,0.18745,0.07036
0.39005,-0.19741,0.25822,0.06900,0.48214,0.14875,0.09907,0.28456,0.20805,0.05123,0.15090
0.25708,-0.25389,0.17091,0.01407,0.35357,0.16985,0.10145,0.22598,0.21034,-0.06372,0.20416
0.27692,-0.26944,0.16781,0.01189,0.47586,0.19434,0.11460,0.20929,0.21030,-0.10520,0.16479
0.34149,-0.32363,0.14303,-0.00013,0.51500,0.18187,0.11001,0.20093,0.20671,-0.10886,0.14310
0.40669,-0.22205,0.23098,0.01439,0.53839,0.18610,0.14854,0.23482,0.23461,-0.09989,0.20360
0.37132,-0.15160,0.25500,0.04219,0.42362,0.19804,0.14181,0.21638,0.23697,-0.00100,0.18809
0.21279,-0.21538,0.20208,0.00101,0.33802,0.13626,0.12052,0.12487,0.16259,-0.09869,0.12406
0.18098,-0.21596,0.19118,-0.01374,0.51874,0.13329,0.15420,0.17574,0.13384,-0.05167,0.18037
0.21532,-0.20016,0.19141,0.00521,0.49285,0.13287,0.11730,0.20228,0.09654,-0.00323,0.20580
0.12208,-0.24444,0.12106,-0.03512,0.42572,0.12497,0.04914,0.10559,0.17403,-0.02077,0.22792
0.15189,-0.16546,0.15086,-0.00662,0.42682,0.20509,0.06254,0.14936,0.26124,0.13036,0.29909
0.05635,-0.11685,0.15393,-0.03506,0.50544,0.23180,0.07716,0.12525,0.24696,0.13438,0.30932
0.06094,-0.06436,0.23333,-0.00059,0.56956,0.30751,0.33194,0.13995,0.26141,0.26709,0.32851
0.06507,0.10228,0.24781,0.01499,0.75990,0.31368,0.36470,0.16674,0.20492,0.35985,0.30269
-0.01829,0.12611,0.15906,-0.04296,0.71712,0.28763,0.32292,0.11215,0.17899,0.23083,0.28734
-0.07610,0.18256,0.10042,-0.06136,0.53443,0.26925,0.29197,0.08400,0.10918,0.14469,0.20888
-0.08505,0.11607,0.05900,-0.06280,0.58390,0.31988,0.21717,0.05755,0.16601,0.12354,0.11393
-0.08672,0.04310,0.06732,0.06661,0.65678,0.27003,0.18064,0.07863,0.15993,0.13754,0.12428
-0.02607,0.11350,0.08971,0.20898,0.79845,0.30739,0.26601,0.16547,0.25730,0.32660,0.14814
-0.02309,0.12380,0.07678,0.25684,0.53879,0.28341,0.29178,0.19622,0.25945,0.37300,0.06559
0.02488,0.20387,0.08640,0.26079,0.47390,0.31379,0.43676,0.21377,0.31675,0.34725,0.02759
0.16613,0.19668,0.12081,0.36419,0.70327,0.34493,0.44717,0.33468,0.30879,0.41943,0.01552
0.15343,0.06958,0.06874,0.36751,0.75926,0.26771,0.29155,0.31500,0.21113,0.36695,-0.00714
0.04124,-0.03043,0.00820,0.27594,0.46052,0.21146,0.18055,0.20417,0.13171,0.20621,-0.03220
0.02255,-0.07105,-0.04477,0.16690,0.42813,0.16272,0.11670,0.17293,0.12961,0.11580,-0.01606
0.05050,0.00319,-0.01710,0.11516,0.38997,0.17731,0.15309,0.13819,0.19743,0.09528,0.00887
0.13667,0.04872,0.06909,0.20850,0.20016,0.22079,0.17331,0.15470,0.23237,0.14518,0.00867
0.32957,0.09127,0.15771,0.31228,0.28870,0.28192,0.25979,0.22840,0.35085,0.22845,0.09794
0.35377,0.15721,0.13722,0.26606,0.30512,0.23646,0.27745,0.21923,0.30299,0.22059,0.14988
0.40341,0.23773,0.13074,0.25105,0.28229,0.23733,0.27859,0.19091,0.29423,0.16639,0.17444
0.42412,0.27578,0.12223,0.18007,0.07106,0.19646,0.26662,0.14813,0.26648,0.08344,0.15355
0.52959,0.39937,0.17543,0.18253,0.15195,0.17528,0.23687,0.14863,0.30906,0.07725,0.19324
0.55421,0.31871,0.14713,0.21643,0.16213,0.10696,0.19182,0.11137,0.21212,0.06555,0.19102
0.57210,0.37460,0.17132,0.25927,0.14956,0.11327,0.25266,0.11159,0.22718,0.09599,0.25842
0.54519,0.36451,0.23036,0.27088,0.21318,0.12189,0.27519,0.15035,0.22797,0.12681,0.26832
1.01202,0.37257,0.27625,0.33998,0.35987,0.13898,0.30201,0.23872,0.19045,0.23229,0.17638
1.20335,0.38178,0.31965,0.34548,0.29009,0.09716,0.28736,0.29009,0.08383,0.31068,0.11976
0.93495,0.10457,0.24330,0.27393,0.16721,0.02469,0.21550,0.27297,0.00432,0.28859,0.04044
1.00734,0.09186,0.16995,0.24749,0.36108,0.00687,0.17255,0.28520,0.00752,0.30401,0.04319
1.02191,0.07423,0.14423,0.19678,0.43995,0.00152,0.10169,0.26355,0.00126,0.26084,0.03611
0.86489,-0.08784,-0.00976,0.00080,0.32328,-0.07070,-0.11784,0.12379,-0.10474,0.09262,-0.01058
0.87080,-0.20220,-0.04904,-0.02181,0.26610,-0.07654,-0.08411,0.10047,-0.17608,0.06077,-0.02138
0.69879,-0.30410,-0.17509,-0.04357,0.33344,-0.12954,-0.10580,-0.01188,-0.25876,-0.08574,-0.08255
0.60947,-0.37111,-0.19529,-0.05827,0.32238,-0.12091,-0.16335,-0.03065,-0.27190,-0.10292,-0.16487
0.43543,-0.39593,-0.21735,-0.00658,0.33279,-0.13068,-0.23461,-0.06881,-0.23687,-0.10782,-0.21514
0.53908,-0.40726,-0.22113,-0.01864,0.32943,-0.11917,-0.23152,-0.08457,-0.18689,-0.12358,-0.20056
0.54641,-0.33658,-0.22133,-0.07267,0.38811,-0.09548,-0.19849,-0.12431,-0.13685,-0.09052,-0.18402
0.43055,-0.37952,-0.26894,-0.14252,0.47507,-0.16433,-0.19334,-0.18988,-0.14586,-0.09375,-0.13637
0.23822,-0.42055,-0.29874,-0.12608,0.32397,-0.18875,-0.20987,-0.27419,-0.15492,-0.20752,-0.16803
0.29127,-0.30209,-0.17771,-0.00603,0.30400,-0.08226,-0.12676,-0.18152,-0.08428,-0.17111,-0.11892
0.00854,-0.26948,-0.15159,-0.07733,0.08632,-0.07230,-0.16653,-0.23656,-0.09703,-0.28816,-0.14029
-0.41389,-0.38313,-0.39737,-0.25012,-0.34001,-0.24517,-0.31224,-0.45048,-0.39749,-0.50552,-0.28757
-0.50018,-0.40140,-0.50783,-0.16917,-0.45630,-0.27446,-0.38514,-0.46596,-0.50866,-0.54572,-0.30008
-0.55546,-0.35824,-0.48589,-0.11134,-0.54421,-0.26717,-0.40519,-0.44121,-0.47021,-0.53876,-0.31571
-0.52999,-0.32625,-0.45177,-0.02479,-0.46931,-0.24434,-0.32348,-0.36731,-0.42520,-0.44078,-0.22351
-0.59127,-0.32099,-0.48684,-0.16077,-0.51827,-0.35159,-0.26786,-0.46528,-0.53764,-0.49225,-0.23086
-0.55361,-0.27655,-0.43511,-0.20113,-0.53218,-0.38744,-0.28790,-0.47704,-0.60869,-0.49518,-0.26564
-0.51322,-0.19043,-0.30585,-0.13811,-0.50555,-0.32536,-0.26000,-0.36871,-0.53102,-0.39898,-0.26758
-0.43180,-0.24882,-0.26875,-0.05725,-0.48123,-0.33674,-0.24423,-0.35769,-0.49413,-0.36139,-0.27376
-0.43293,-0.16070,-0.19279,-0.00329,-0.52253,-0.27683,-0.19601,-0.30242,-0.46434,-0.32767,-0.22636
-0.37379,0.00103,-0.08513,0.00956,-0.48811,-0.20657,-0.14311,-0.25339,-0.43416,-0.20082,-0.12658
-0.24087,0.05138,-0.05274,0.00105,-0.38359,-0.17065,-0.12888,-0.25766,-0.33880,-0.13151,-0.09443
-0.06881,0.09156,-0.01081,0.07080,-0.25427,-0.18415,-0.05517,-0.15933,-0.29553,0.07955,-0.07244
0.61594,0.30838,0.71805,0.41261,0.36327,0.03838,0.23608,0.19404,0.06925,0.61193,0.13683
1.18910,0.36303,1.57977,0.69962,0.60568,0.17138,0.77333,0.44899,0.52700,1.03375,0.17382
1.21821,0.33401,1.82947,0.65159,0.91420,0.18188,0.87168,0.43493,0.50240,1.21794,0.26363
1.17972,0.61191,2.00540,0.68602,0.91789,0.30891,0.69113,0.48235,0.54373,1.17452,0.18593
1.49017,1.03820,2.58053,0.83252,0.98310,0.49918,0.62977,0.74088,0.90492,1.28842,0.25433
1.86078,1.26917,3.58119,1.18998,1.16115,0.79823,1.00132,1.26387,1.81111,1.45476,0.47817
1.28781,1.16290,2.14840,0.94004,0.88080,0.55875,0.70035,0.85681,1.18846,0.90047,0.42833
0.62864,0.90339,1.16330,0.58083,0.56396,0.43206,0.50032,0.69714,0.80496,0.55635,0.34879
0.49888,0.88356,1.03368,0.53121,0.64306,0.37610,0.44659,0.58174,0.72109,0.38395,0.25136
0.51117,0.94805,0.80434,0.49233,0.63965,0.32886,0.37391,0.56478,0.71956,0.26144,0.23624
0.27735,0.63944,0.49017,0.43395,0.41662,0.19328,0.26724,0.36303,0.40859,0.09493,0.21793
0.25829,0.41941,0.47701,0.47403,0.37696,0.22587,0.26609,0.27120,0.34682,0.04201,0.23686
0.33860,0.44976,0.54424,0.51784,0.31504,0.22183,0.34282,0.36645,0.43972,0.10333,0.26437
0.38520,0.54346,0.65231,0.53898,0.44066,0.25167,0.27843,0.47202,0.48253,0.18828,0.25361
0.40762,0.59029,0.67590,0.59116,0.54051,0.27766,0.25574,0.46850,0.38423,0.17720,0.16706
0.47539,0.44485,0.59884,0.50179,0.46150,0.24905,0.27629,0.49421,0.40491,0.18510,0.20093
0.57695,0.56305,0.64765,0.53244,0.73047,0.33452,0.35645,0.66134,0.51012,0.29895,0.25255
0.51447,0.50927,0.45400,0.50428,0.63315,0.23401,0.38581,0.48021,0.28207,0.23766,0.21836
0.53934,0.49359,0.40608,0.50688,0.52638,0.23075,0.47895,0.34847,0.22416,0.22822,0.20720
0.76761,0.58552,0.56235,0.61989,0.51271,0.30774,0.61038,0.35831,0.30819,0.31658,0.31418
0.90544,0.56373,0.61623,0.63670,0.47181,0.30197,0.59761,0.36949,0.33552,0.32257,0.31678
0.87586,0.63227,0.77615,0.70097,0.64350,0.32840,0.69450,0.40759,0.43566,0.37510,0.28937
0.53830,0.44969,0.54317,0.53298,0.42724,0.20464,0.43753,0.17123,0.20070,0.22505,0.16317
0.35202,0.40399,0.46988,0.49567,0.25410,0.14148,0.41077,0.10822,0.09852,0.15900,0.18095
0.15309,0.38950,0.39816,0.46835,0.15452,0.16446,0.31816,0.07091,0.02311,0.13193,0.19156
0.15995,0.34930,0.37319,0.45826,0.18327,0.18737,0.32970,0.07377,0.07139,0.17674,0.21653
0.06559,0.31971,0.27303,0.41940,0.11733,0.15912,0.24588,0.06044,0.07891,0.13377,0.22138
0.16517,0.36071,0.33507,0.50121,0.15149,0.17337,0.28544,0.12164,0.11528,0.18042,0.20991
0.24573,0.31092,0.40433,0.53389,0.11059,0.17872,0.32434,0.17358,0.12884,0.24797,0.20180
0.25121,0.39213,0.47592,0.48882,0.08036,0.20701,0.25930,0.15803,0.16840,0.27475,0.18844
0.20109,0.30763,0.41423,0.42564,0.04845,0.15416,0.17496,0.13535,0.14591,0.22102,0.16938
0.09116,0.18616,0.31162,0.25736,0.06731,0.13502,0.10768,0.10337,0.11491,0.15069,0.13731
