0.14438,-0.02922,0.18315,0.22509,0.15792,0.23378,0.28714,0.03031,0.20065,-0.01576,0.21251
0.09785,-0.03065,0.13452,0.19262,0.08032,0.19714,0.21709,0.02807,0.16907,-0.07483,0.16094
0.04920,-0.03806,0.03772,0.14072,-0.06925,0.06554,0.17852,-0.04195,0.11455,-0.13871,0.07174
0.05922,-0.03422,0.11223,0.14811,-0.00035,0.05590,0.18451,-0.02852,0.14556,-0.10362,0.07512
0.05360,-0.03226,0.25023,0.18382,0.04091,0.04537,0.29140,0.01615,0.22668,-0.03131,0.06974
0.09147,-0.02460,0.49279,0.28082,0.00603,0.04954,0.39744,0.18495,0.31311,0.15623,0.01194
0.10329,-0.02685,0.43969,0.19507,-0.13110,0.04789,0.30895,0.25924,0.21285,0.13510,0.07342
0.05535,-0.02781,0.41963,0.15759,-0.15554,0.02767,0.17880,0.05141,0.18270,0.04439,0.04452
0.08777,-0.00414,0.50045,0.21633,-0.06801,0.09173,0.24601,0.18104,0.23519,0.13624,0.05927
0.14911,0.01444,0.56225,0.33281,0.04589,0.10249,0.30459,0.18318,0.28225,0.10006,0.03335
0.06859,-0.00782,0.45653,0.34854,-0.03574,0.03909,0.14971,0.09552,0.25807,-0.07571,-0.05048
0.05786,-0.01076,0.34729,0.32955,-0.06553,-0.00856,0.03654,0.08130,0.16798,-0.14115,-0.07408
0.08574,-0.02461,0.14289,0.23128,-0.02695,-0.06015,-0.04856,-0.00243,0.08599,-0.19609,-0.14110
0.05114,-0.02218,0.11676,0.27153,-0.02729,-0.05038,-0.02278,-0.06678,0.07794,-0.20843,-0.07439
0.06106,-0.01411,0.24711,0.37589,0.06793,-0.01182,0.00119,-0.04809,0.11205,-0.20023,-0.11102
0.05012,-0.01015,0.16135,0.38052,0.01674,-0.03554,-0.00754,-0.05165,0.08756,-0.25553,-0.14834
0.05879,0.00123,0.06646,0.28977,0.04597,-0.02434,-0.01746,-0.00247,0.07065,-0.23696,-0.10997
0.03054,-0.00907,0.02215,0.20670,0.09411,-0.04545,-0.05338,-0.00922,0.03108,-0.26834,-0.10776
0.00527,-0.02403,-0.02113,0.24637,0.14258,-0.05664,-0.07344,-0.03510,-0.00838,-0.27918,-0.09881
-0.03565,-0.02677,-0.13987,0.13803,0.15041,-0.09681,-0.07844,-0.10404,-0.03331,-0.31048,-0.10332
-0.09568,-0.03902,-0.04974,0.05862,0.03278,-0.13382,-0.09478,-0.19062,-0.04798,-0.32045,-0.09323
-0.12975,-0.03995,0.19766,0.02121,-0.03071,-0.10899,-0.09383,-0.19314,-0.07887,-0.28440,-0.04646
-0.09891,-0.02423,0.23285,-0.02414,0.06083,-0.04073,-0.04740,-0.14458,-0.03213,-0.23176,0.05326
-0.04988,0.00756,0.34584,0.03679,0.18423,0.06166,0.04293,-0.05046,-0.01219,-0.11047,0.19237
0.02543,0.04784,0.46963,0.19102,0.27286,0.15397,0.21382,0.06820,0.07691,0.09122,0.33618
0.06399,0.07718,0.55040,0.15574,0.32138,0.12940,0.18854,0.24168,0.08624,0.26163,0.18949
0.17133,0.12222,0.61093,0.17493,0.29405,0.17976,0.25027,0.40524,0.18436,0.61146,0.25470
0.28177,0.13945,0.83615,0.25725,0.36882,0.26628,0.28630,0.59733,0.31654,1.13783,0.61799
0.28856,0.09429,0.84572,0.31094,0.42650,0.23602,0.20248,0.47769,0.37061,0.71418,0.52053
0.37567,0.11377,0.76087,0.33316,0.44427,0.26704,0.22468,0.50323,0.48854,0.69567,0.36329
0.35946,0.16130,0.77222,0.33203,0.45991,0.31593,0.36072,0.57233,0.83355,0.79657,0.38843
0.42566,0.19224,0.88473,0.49123,0.41466,0.41381,0.49220,0.71153,1.56305,0.89787,0.56939
0.51222,0.20306,0.88587,0.57651,0.45534,0.40167,0.47363,0.70554,1.85670,0.78310,0.45385
0.51611,0.19415,0.54190,0.59645,0.51578,0.31440,0.52197,0.66700,1.95067,0.65868,0.30041
0.33942,0.08260,0.34163,0.50134,0.31523,0.18205,0.35176,0.47334,0.71907,0.36255,0.13858
0.37179,0.06150,0.22948,0.44847,0.29788,0.16088,0.28579,0.63275,0.40268,0.29115,0.11510
0.43995,0.03823,0.15394,0.35762,0.43587,0.12325,0.20297,0.48862,0.29725,0.11663,0.20147
0.43935,0.02879,0.10699,0.31352,0.39659,0.11739,0.13824,0.41909,0.24605,0.05263,0.29571
0.48545,0.01747,0.11238,0.23181,0.48353,0.11285,0.13308,0.37927,0.20124,0.01303,0.26028
0.51361,0.02070,0.10301,0.09358,0.50929,0.08700,0.13481,0.28030,0.16197,0.00376,0.23507
0.45207,0.02340,0.15262,0.12717,0.55844,0.10014,0.19425,0.22669,0.17700,0.02608,0.25903
0.33353,0.01783,0.18791,0.16219,0.46134,0.10862,0.18815,0.18337,0.16922,0.10038,0.22973
0.30220,0.00793,0.16758,0.10781,0.38772,0.05135,0.09637,0.09929,0.11621,0.00487,0.16813
0.38553,0.00639,0.15882,0.07739,0.58297,0.03991,0.08586,0.11831,0.12320,0.07812,0.25852
0.32004,0.01011,0.14782,0.04806,0.60961,0.04750,0.06389,0.16471,0.09317,0.08335,0.27737
0.18186,-0.00140,0.12881,-0.01051,0.51571,0.03096,0.03650,0.10894,0.11104,0.01201,0.30107
0.22074,0.00821,0.24308,0.04883,0.50474,0.07764,0.10098,0.14823,0.18046,0.08973,0.39027
0.14979,0.00099,0.37250,0.04299,0.58080,0.07927,0.08883,0.14476,0.16199,0.10083,0.38865
0.14763,0.01680,0.54066,0.06262,0.65227,0.13012,0.23960,0.17458,0.20169,0.21365,0.44971
0.16794,0.03156,0.61996,0.04620,0.76411,0.12422,0.26454,0.24835,0.17677,0.30326,0.39936
0.12428,0.03447,0.50599,0.03825,0.82659,0.09597,0.23347,0.19927,0.14229,0.22232,0.39931
0.09873,0.02053,0.44962,0.06256,0.68963,0.07838,0.18170,0.18665,0.08457,0.15301,0.26357
0.09182,0.01214,0.40706,0.00489,0.54864,0.16147,0.15423,0.13446,0.06064,0.11361,0.16740
0.10400,0.01013,0.40825,-0.02429,0.64358,0.29282,0.15764,0.10281,0.03466,0.09903,0.17376
0.15135,0.02068,0.37877,-0.01416,0.76383,0.34295,0.17943,0.14766,0.06813,0.25047,0.20634
0.09510,0.01460,0.27680,-0.03835,0.49956,0.42477,0.17117,0.17034,0.05646,0.26151,0.11347
0.09519,0.01861,0.26263,-0.04427,0.40801,0.47319,0.24863,0.21686,0.09288,0.30881,0.08820
0.31931,0.04404,0.32244,0.00245,0.53776,0.39689,0.24948,0.27810,0.11347,0.43745,0.05179
0.38127,0.04332,0.25680,-0.01429,0.55937,0.43603,0.15037,0.26122,0.10641,0.40768,0.06209
0.29019,0.02539,0.10551,-0.04517,0.28312,0.47741,0.13355,0.18556,0.08141,0.22635,0.04641
0.22706,0.01928,0.01785,-0.02962,0.20075,0.39222,0.06716,0.14327,0.07317,0.15846,0.03652
0.16828,0.01166,-0.00180,0.04640,0.19459,0.34018,0.09318,0.09227,0.13242,0.17816,0.07720
0.15581,0.01527,0.10705,0.14595,0.01802,0.49028,0.11089,0.14427,0.15902,0.21714,0.05007
0.25326,0.04005,0.18416,0.20829,0.04708,0.80343,0.16856,0.22549,0.28357,0.21786,0.18423
0.24980,0.03784,0.11131,0.23531,0.12061,0.41782,0.13731,0.22652,0.28891,0.16740,0.28522
0.26270,0.04537,0.10496,0.28378,0.07867,0.11330,0.13758,0.22729,0.29299,0.12804,0.32433
0.22548,0.06544,0.08119,0.29465,-0.01449,0.10039,0.13891,0.19220,0.30771,0.03223,0.28474
0.24025,0.07838,0.09496,0.35595,0.06671,0.10949,0.13678,0.18399,0.38274,-0.00033,0.35265
0.23298,0.07055,0.06083,0.40929,0.08591,0.06574,0.11188,0.08823,0.29053,-0.04120,0.34612
0.24800,0.08702,0.05438,0.46901,0.10661,0.08417,0.14819,0.08339,0.27639,-0.04793,0.47102
0.32698,0.11335,0.10083,0.44902,0.16938,0.13603,0.20864,0.11786,0.25233,-0.01355,0.47642
0.44408,0.12798,0.14437,0.41887,0.28198,0.15310,0.22462,0.17641,0.28119,0.08532,0.34381
0.49621,0.12034,0.16026,0.43576,0.23523,0.11392,0.26362,0.21014,0.22534,0.15827,0.26313
0.40677,0.10614,0.09301,0.26654,0.11359,0.03119,0.24252,0.18868,0.13878,0.09325,0.14873
0.51163,0.11491,0.02410,0.21736,0.23872,0.00318,0.23552,0.12450,0.13053,0.08607,0.17718
0.54957,0.11045,-0.01472,0.19359,0.31139,-0.02305,0.21808,0.11040,0.09318,0.10862,0.17382
0.41138,0.06277,-0.08241,0.07512,0.26470,-0.12610,0.08636,-0.03519,0.00198,0.04384,0.14414
0.40914,0.03617,-0.10632,0.03156,0.26578,-0.12772,0.08059,-0.09345,-0.02530,0.00410,0.14890
0.29947,-0.00478,-0.18744,-0.03467,0.30426,-0.17929,0.05400,-0.17890,-0.09595,-0.06994,0.11582
0.28397,0.00093,-0.16292,-0.06557,0.31858,-0.16443,-0.03147,-0.16852,-0.12000,-0.06822,0.02726
0.31721,-0.00595,-0.17576,-0.05522,0.37128,-0.19038,-0.09309,-0.16388,-0.09227,-0.05696,-0.00758
0.31256,-0.02121,-0.15640,-0.04815,0.37287,-0.19433,-0.10738,-0.11984,-0.10123,-0.04878,-0.01945
0.31362,-0.03108,-0.15706,-0.02987,0.40090,-0.21881,-0.12003,-0.12057,-0.10160,-0.03592,-0.01446
0.32111,-0.04487,-0.18330,-0.04234,0.44621,-0.28958,-0.13373,-0.15423,-0.13760,-0.04878,0.08846
0.13391,-0.05631,-0.20787,-0.08189,0.34597,-0.32781,-0.15060,-0.17748,-0.15899,-0.13354,0.06705
0.15984,-0.04346,-0.10463,0.04010,0.24672,-0.27308,-0.05355,-0.09341,-0.11191,-0.06716,0.07471
-0.06858,-0.06718,-0.09980,-0.04058,0.07697,-0.24581,-0.10846,-0.10892,-0.13365,-0.14301,-0.00871
-0.34147,-0.11517,-0.27541,-0.19666,-0.24175,-0.34496,-0.27692,-0.32804,-0.31381,-0.29386,-0.23424
-0.39281,-0.13254,-0.35082,-0.27469,-0.28475,-0.37547,-0.32501,-0.35250,-0.36360,-0.34529,-0.22992
-0.42076,-0.12461,-0.32289,-0.26459,-0.35968,-0.39107,-0.34259,-0.34209,-0.35206,-0.37515,-0.25753
-0.39658,-0.10501,-0.22883,-0.18961,-0.32025,-0.39696,-0.31405,-0.26571,-0.31389,-0.29591,-0.21391
-0.43594,-0.12419,-0.29686,-0.21565,-0.35695,-0.49163,-0.28163,-0.35452,-0.36825,-0.30053,-0.21011
-0.47811,-0.10294,-0.26427,-0.22715,-0.38811,-0.49718,-0.29972,-0.38102,-0.41373,-0.28937,-0.30660
-0.44229,-0.07990,-0.18752,-0.16995,-0.36712,-0.41850,-0.24181,-0.29924,-0.35942,-0.23969,-0.32349
-0.41494,-0.07893,-0.18641,-0.18029,-0.35609,-0.37686,-0.24021,-0.30457,-0.30453,-0.21368,-0.32086
-0.39056,-0.05863,-0.15944,-0.12937,-0.36618,-0.31343,-0.21452,-0.29139,-0.27372,-0.18182,-0.31061
-0.34665,-0.03381,-0.10668,-0.07888,-0.33585,-0.24249,-0.20835,-0.21085,-0.24499,-0.09045,-0.24549
-0.26943,-0.02937,-0.07284,-0.10659,-0.21748,-0.16623,-0.19358,-0.17524,-0.18948,-0.08926,-0.16911
-0.13183,0.01156,-0.00921,-0.04138,-0.10373,-0.16307,-0.14815,-0.07357,-0.15572,0.03879,-0.10617
0.23744,0.10850,0.45480,0.25377,0.30685,0.04912,0.08991,0.28814,0.18305,0.29496,0.12918
0.56366,0.20041,0.86872,0.55272,0.34384,0.27087,0.39371,0.53723,0.48227,0.61194,0.06687
0.82418,0.20795,0.89703,0.59957,0.53581,0.23854,0.38310,0.53584,0.45251,0.95601,0.13091
0.96491,0.21695,0.98274,0.56460,0.54816,0.48531,0.35585,0.47310,0.47469,0.89000,0.10345
1.12231,0.26706,1.66058,0.59542,0.47724,0.99286,0.30069,0.62446,0.74025,0.81969,0.09650
1.42464,0.27125,2.29750,0.72381,0.53671,1.47049,0.56663,1.25434,1.28024,0.89170,0.31369
0.80855,0.23278,1.40666,0.53043,0.33387,0.92202,0.36445,0.87219,0.85314,0.61130,0.27290
0.29973,0.16312,0.73956,0.33306,0.15230,0.38443,0.21670,0.67313,0.45461,0.45552,0.15459
0.22463,0.12465,0.52881,0.24398,0.16529,0.31858,0.14636,0.63999,0.44621,0.34173,0.09640
0.24376,0.11119,0.51073,0.23559,0.16768,0.32224,0.09676,0.69555,0.46362,0.31182,0.07791
0.14348,0.07682,0.19515,0.12066,0.04818,0.08854,0.00584,0.21414,0.26813,0.19763,0.03317
0.12177,0.05807,0.16983,0.10434,0.00246,0.06491,0.02250,0.12331,0.23032,0.10157,0.05352
0.17026,0.07259,0.19503,0.08372,0.02057,0.11566,0.07641,0.25188,0.28922,0.15286,0.08931
0.19222,0.06025,0.24817,0.04856,0.13151,0.14462,0.08724,0.43239,0.33872,0.19481,0.10322
0.17073,0.05777,0.26589,0.02359,0.14695,0.17371,0.09281,0.54172,0.27271,0.15075,0.04228
0.18838,0.04883,0.22903,0.00991,0.13770,0.12974,0.08942,0.47042,0.25052,0.20182,0.08108
0.24186,0.12927,0.22386,0.04564,0.27073,0.16763,0.16452,0.60482,0.31664,0.34965,0.13062
0.13411,0.08852,0.09325,-0.02607,0.32267,0.03306,0.15901,0.40426,0.18822,0.24308,0.11251
0.20521,0.05406,0.03211,-0.05018,0.30477,-0.02362,0.18848,0.24550,0.14071,0.18674,0.13153
0.33782,0.07796,0.12486,0.09914,0.33369,0.05050,0.26350,0.23002,0.19075,0.19476,0.26189
0.33592,0.07692,0.13692,0.10308,0.25198,0.06240,0.27085,0.26658,0.18869,0.16616,0.25891
0.37691,0.09269,0.20648,0.09452,0.36269,0.05914,0.35715,0.32130,0.21187,0.18740,0.23635
0.10685,0.05499,0.05703,0.04495,0.23391,-0.07419,0.17431,0.10887,0.02893,0.10428,0.13874
-0.02732,0.03488,0.00062,0.04666,0.16417,-0.15397,0.09033,0.01925,-0.03405,0.08956,0.13487
-0.10688,0.02735,0.00829,0.06464,0.08008,-0.15596,0.03338,-0.03336,-0.08365,0.07314,0.12107
-0.09048,0.04847,0.01154,0.16674,0.05018,-0.13773,0.03020,-0.01241,-0.08817,0.06545,0.15681
-0.14775,0.02588,-0.01546,0.16161,-0.02995,-0.17970,-0.01592,-0.02564,-0.07875,0.00715,0.15703
-0.12319,0.03395,-0.01793,0.15719,-0.09439,-0.14491,0.01706,0.01966,-0.04307,0.01099,0.09079
-0.10253,0.02240,0.02775,0.15022,-0.13161,-0.11379,0.05604,0.04378,-0.02737,0.06052,0.09442
-0.11135,0.04393,0.07812,0.18251,-0.15609,-0.05491,0.03167,0.07859,-0.00847,0.09542,0.11014
-0.14913,0.04112,0.01101,0.13088,-0.22687,-0.07749,-0.00409,0.07562,-0.01057,0.05735,0.08055
-0.16625,0.05629,-0.05812,0.02198,-0.24369,-0.10024,-0.06272,0.04218,-0.00767,0.03094,0.04449
-0.17618,0.06224,-0.04810,0.08805,-0.23187,-0.08721,-0.04857,0.04845,0.02389,0.05385,0.06725
-0.18256,0.07115,-0.05396,0.06019,-0.22973,-0.06036,0.01403,0.06011,0.05213,0.06297,0.09395
-0.01286,0.14008,0.10571,0.17555,-0.11076,0.12469,0.17501,0.35100,0.27410,0.30783,0.14106
0.07609,0.17669,0.16731,0.16705,-0.04726,0.26554,0.25481,0.50101,0.36090,0.28133,0.10032
0.10491,0.16223,0.12678,0.13312,-0.04287,0.22233,0.23778,0.38478,0.34899,0.16258,0.11114
0.04429,0.12792,0.06707,0.08385,-0.11102,0.15645,0.17517,0.30533,0.29466,0.05533,0.03909
0.06000,0.12690,0.07086,0.07658,-0.08091,0.19846,0.18785,0.27549,0.31571,0.08598,0.03173
0.05194,0.16204,0.09379,0.09933,-0.02394,0.19754,0.15228,0.24531,0.31898,0.08590,0.06319
-0.01939,0.17194,0.05770,0.10237,-0.02838,0.18180,0.08172,0.19708,0.30640,-0.01238,0.08766
-0.00345,0.16817,0.07036,0.10703,-0.03920,0.18169,0.09842,0.21689,0.36043,-0.02175,0.12399
-0.02980,0.19365,0.11530,0.14338,0.01816,0.18670,0.10884,0.18934,0.36895,-0.02384,0.20902
0.06633,0.21473,0.28691,0.26238,0.14993,0.36157,0.19331,0.35660,0.40741,0.08548,0.17415
0.08511,0.22672,0.34156,0.25329,0.20076,0.43996,0.19454,0.42403,0.30623,0.14615,0.09881
0.07350,0.24443,0.36423,0.36533,0.17724,0.50245,0.15838,0.45318,0.28301,0.16284,0.09194
0.07305,0.19118,0.39963,0.43564,0.22722,0.60857,0.18564,0.45393,0.20847,0.11463,0.09199
0.09354,0.15396,0.40658,0.42802,0.23874,0.47460,0.15691,0.39281,0.14916,0.14809,0.08418
0.15015,0.17450,0.44166,0.42574,0.31566,0.48963,0.17141,0.45982,0.20846,0.27199,0.08886
0.21534,0.17441,0.57571,0.45833,0.37635,0.61587,0.22783,0.50310,0.22310,0.32730,0.14652
0.22960,0.16694,0.61688,0.49803,0.36222,0.55694,0.24178,0.47472,0.13829,0.28892,0.09105
0.15178,0.13973,0.44059,0.34676,0.28377,0.44291,0.25301,0.46166,0.08372,0.24888,0.08158
0.15368,0.10937,0.36277,0.18655,0.28019,0.37254,0.18852,0.39860,0.04783,0.23135,0.08034
0.18384,0.11205,0.33638,0.22127,0.25783,0.35487,0.17990,0.44892,0.04413,0.25528,0.04212
0.28109,0.07246,0.29361,0.22545,0.38516,0.31446,0.12979,0.48218,0.02975,0.29260,0.01576
0.19700,0.02096,0.19910,0.13118,0.33430,0.19977,0.13068,0.41868,0.01733,0.16692,0.03283
0.26238,0.07298,0.21873,0.16676,0.39778,0.23019,0.18079,0.46036,0.12769,0.22399,0.13831
0.29601,0.06787,0.16685,0.07822,0.30905,0.14726,0.12391,0.36972,0.10526,0.21475,0.09014
0.28373,0.10408,0.13878,0.05042,0.17191,0.11716,0.07026,0.32641,0.14299,0.18485,0.09964
0.22248,0.11420,0.11500,0.04342,0.07404,0.13782,0.03449,0.31828,0.13142,0.14915,0.07607
0.03523,0.06942,0.07326,0.02984,-0.15462,0.07817,0.01473,0.18642,0.08678,0.04944,0.03148
-0.00996,0.09050,0.15035,0.08490,-0.14557,0.09730,0.06677,0.21169,0.14363,0.09763,0.08915
-0.09481,0.08686,0.16873,0.08807,-0.30136,0.07544,0.09335,0.15373,0.18525,0.11218,0.15118
-0.13549,0.06028,0.23169,0.12851,-0.32571,0.03758,0.09815,0.09362,0.22605,0.07384,0.16868
-0.11352,0.09340,0.29706,0.20474,-0.27543,0.08740,0.20154,0.16680,0.22777,0.14893,0.08433
-0.14821,0.08800,0.28509,0.10423,-0.37187,0.05689,0.22190,0.12726,0.18771,0.12485,0.00509
-0.13828,0.09558,0.29802,0.08644,-0.34279,0.11523,0.28316,0.15647,0.15410,0.11275,-0.01902
-0.11770,0.08775,0.28453,0.08588,-0.36276,0.17262,0.25269,0.15450,0.07292,0.12504,-0.02361
-0.12207,0.03133,0.25207,0.06252,-0.44339,0.15567,0.24227,0.10526,0.02110,0.07564,-0.10290
-0.20790,-0.00224,0.24794,0.07024,-0.51849,0.14617,0.24206,0.09406,0.00488,0.01097,-0.09327
-0.21820,-0.04139,0.20077,0.07923,-0.56766,0.10580,0.27668,0.06623,-0.04783,-0.00538,-0.09676
-0.27325,-0.06569,0.14855,0.09932,-0.56238,0.03762,0.34065,0.04456,-0.07583,-0.00481,-0.12049
-0.12446,-0.03165,0.17155,0.12505,-0.44112,0.10245,0.32331,0.13481,-0.04261,0.12120,-0.07919
-0.14740,-0.04637,0.03812,0.05606,-0.46252,0.07572,0.36006,0.11740,-0.12341,0.11451,-0.14515
-0.18426,-0.05460,-0.02348,0.04777,-0.45961,0.03838,0.38611,0.09760,-0.16954,0.09205,-0.15432
-0.20421,-0.07639,-0.10659,-0.01403,-0.53295,-0.06040,0.21240,-0.01678,-0.25704,-0.01808,-0.15359
-0.19469,-0.13454,-0.12005,-0.01395,-0.61543,-0.15941,0.06134,-0.06208,-0.26988,-0.06891,-0.04408
-0.00520,-0.10522,-0.06412,0.05943,-0.46918,-0.09933,0.04094,0.02284,-0.18253,0.01255,0.09029
0.02342,-0.09689,-0.03997,0.05801,-0.44442,-0.08653,0.12148,0.02605,-0.14107,0.04043,0.06979
-0.00800,-0.06552,-0.05318,0.07240,-0.39120,-0.08314,0.14236,0.01597,-0.08641,0.04643,0.08583
0.07142,-0.05798,-0.04027,0.09145,-0.31731,-0.11342,0.13835,0.04355,-0.02763,0.11076,0.17857
0.32028,0.00757,0.00099,0.18181,-0.21704,-0.08391,0.14731,0.13858,0.06698,0.26234,0.22338
0.41882,0.03956,0.08530,0.24174,0.00799,0.03697,0.24493,0.22013,0.15373,0.44517,0.19779
0.59021,0.06236,0.10855,0.21264,0.11627,0.12482,0.32209,0.25527,0.16590,0.49534,0.29439
0.59724,0.04067,0.10551,0.20385,0.00093,0.11174,0.37688,0.20526,0.08202,0.44259,0.18470
1.04411,0.03583,0.21677,0.24578,0.09141,0.18975,0.35513,0.22651,0.11585,0.47724,0.23325
1.65650,0.07298,0.34864,0.28441,0.73933,0.35794,0.43485,0.38634,0.24998,0.61615,0.25393
2.26057,0.16065,0.43289,0.37547,1.16095,0.59175,0.64957,0.60007,0.39305,0.87562,0.25463
2.16049,0.22395,0.44051,0.38650,1.50631,0.74182,0.90310,0.63802,0.43609,1.02455,0.20737
1.25814,0.14568,0.35949,0.26983,0.43114,0.57165,0.85525,0.45129,0.23893,0.77210,0.14689
0.95715,0.20289,0.34951,0.28008,0.17743,0.49920,0.72402,0.40121,0.24918,0.70429,0.15574
0.85619,0.20637,0.40073,0.23717,0.06824,0.46574,0.73084,0.41413,0.20694,0.73594,0.11522
