1.00125,0.97156,1.13101,0.97274,1.02974,0.99539,1.08457,1.13711,1.25215,0.58165,1.41050
0.98250,1.00731,1.11437,0.98663,0.95481,0.91359,1.08880,1.06625,1.25492,0.54868,1.24670
0.92934,0.94429,0.94442,0.99281,0.84123,0.80207,1.04042,0.95196,1.16454,0.45079,1.10834
1.01603,0.85316,1.05206,0.96182,0.87610,0.84054,1.02971,0.97818,1.21801,0.69693,1.08927
1.10251,0.77785,1.11088,0.94360,0.86452,0.85688,1.01290,0.96842,1.23219,0.82874,1.05284
1.05411,0.83065,1.23402,0.91683,0.88107,0.84930,0.98734,0.99004,1.18275,1.07049,1.01224
0.98961,0.80618,1.14332,0.90855,0.87533,0.82340,1.03197,0.99802,1.09774,1.01935,1.16027
1.00277,0.79424,1.13623,0.92333,0.86453,0.79173,1.02278,1.00850,1.08299,0.89992,1.09885
1.02598,0.89120,1.26898,1.01242,0.94811,0.91256,1.11881,1.10938,1.13637,1.01895,1.13492
1.08964,0.82343,1.24759,1.09077,0.94666,0.92710,1.13353,1.07336,1.16843,0.93979,1.09944
1.02951,0.77571,1.13731,1.04857,0.86331,0.88907,0.99600,0.96122,1.11601,0.78281,1.04558
1.01093,0.73955,1.08255,1.03585,0.84609,0.83663,0.89431,0.94951,1.08652,0.73704,0.97258
0.99081,0.64756,0.94933,0.92776,0.84046,0.76269,0.81817,0.91257,0.98737,0.65399,0.84139
0.99252,0.60964,0.95105,0.92877,0.83619,0.78431,0.87693,0.92483,0.95591,0.70513,0.89000
0.98976,0.61843,1.14242,0.92435,0.88016,0.82128,0.87920,0.97578,1.00693,0.77799,0.83430
0.93523,0.65533,1.08543,0.90664,0.85881,0.79918,0.86881,0.94194,0.93118,0.74443,0.80511
0.92101,0.75857,1.05029,0.85114,0.88660,0.82076,0.88749,0.92781,0.95297,0.75075,0.86232
0.92440,0.73678,0.94205,0.83681,0.90545,0.81238,0.86033,0.89680,0.95007,0.67670,0.88340
0.94429,0.76658,0.89972,0.82196,0.88497,0.81318,0.86826,0.87388,0.96093,0.67297,0.89163
0.82458,0.71655,0.85201,0.75431,0.87079,0.77982,0.81939,0.79829,0.99487,0.69074,0.84243
0.74711,0.67122,0.85406,0.73115,0.80576,0.72659,0.81543,0.75489,0.94663,0.68428,0.80607
0.75403,0.77284,0.92778,0.75189,0.81397,0.78038,0.88162,0.83989,1.01659,0.74319,0.82089
0.76921,0.83283,0.95813,0.78070,0.86203,0.81414,0.94584,0.88715,1.13614,0.89110,0.88645
0.83875,0.97922,1.06126,0.83455,0.95450,0.92151,1.09323,0.96703,1.21566,1.06401,1.02722
0.97004,1.11340,1.25629,0.92267,1.05456,1.06035,1.24765,1.05890,1.48208,1.26291,1.16954
1.03207,1.14086,1.34519,0.88095,1.07187,1.02810,1.10772,1.10201,1.70005,1.30929,1.11833
1.16298,1.18527,1.39748,0.91780,1.14426,1.11710,1.16347,1.21169,1.71970,1.53270,1.24438
1.35002,1.17241,1.54020,0.95425,1.19648,1.20745,1.13529,1.26317,2.63576,1.59966,1.42619
1.33661,1.05028,1.48412,0.97468,1.13029,1.12564,1.09722,1.21485,1.89878,1.34809,1.29565
1.35956,1.09373,1.50014,1.00145,1.19947,1.16043,1.16384,1.26897,1.60988,1.38015,1.26359
1.27670,1.15465,1.59289,1.02693,1.29866,1.20939,1.22181,1.34389,1.63204,1.51639,1.27544
1.38276,1.22566,1.66980,1.12970,1.32286,1.35401,1.33104,1.41325,1.68656,1.53587,1.43218
1.44884,1.23592,1.60123,1.14598,1.30091,1.35179,1.25520,1.36143,1.65970,1.54179,1.42522
1.36554,1.17770,1.48654,1.11642,1.33000,1.22247,1.24445,1.32518,1.47751,1.58996,1.30115
1.17930,1.06411,1.32395,1.05048,1.25219,1.10896,1.19837,1.23780,1.31651,1.32841,1.14285
1.18096,1.00432,1.31250,1.01602,1.22881,1.06334,1.14812,1.22872,1.36532,1.39069,1.09162
1.19428,1.01871,1.23141,0.99391,1.34029,1.02358,1.10272,1.22788,1.33549,1.26308,1.15868
1.13631,1.07258,1.15528,0.98770,1.28720,1.03517,1.11915,1.16390,1.32682,1.23149,1.22335
1.17481,1.11973,1.16838,0.96367,1.34884,1.05132,1.13389,1.17891,1.31173,1.23024,1.18925
1.15887,1.14051,1.12814,0.91658,1.38132,1.00423,1.08579,1.18045,1.31660,1.32175,1.18983
1.14830,1.13355,1.19285,0.94834,1.43214,1.03276,1.10843,1.22078,1.36098,1.58646,1.26746
1.06905,1.11440,1.22480,0.95995,1.32360,1.03590,1.11996,1.19514,1.38503,1.74778,1.24406
1.01826,1.01047,1.15758,0.95913,1.23843,0.97597,1.07199,1.11874,1.27670,1.63948,1.20149
1.05015,1.03470,1.10986,0.91821,1.37703,0.95878,1.06566,1.14753,1.22864,1.85396,1.24272
1.07983,1.04368,1.09184,0.90360,1.43555,0.93791,1.10424,1.20801,1.21101,1.73175,1.23342
0.99140,1.01779,1.00962,0.87669,1.34862,0.92116,1.09083,1.13344,1.26457,1.56220,1.27553
1.02843,1.04309,1.06033,0.90362,1.29848,0.97948,1.10254,1.16745,1.37684,1.58135,1.34360
1.00074,1.03676,1.04791,0.89096,1.35829,0.98039,1.09352,1.11795,1.34356,1.45922,1.34760
1.00292,1.04262,1.12437,0.91859,1.36671,1.02862,1.14737,1.12607,1.40018,1.60156,1.37733
1.00781,1.02230,1.16547,0.93369,1.44886,1.02060,1.16054,1.14650,1.35355,1.70376,1.31779
0.95394,0.96017,1.07027,0.94057,1.44364,0.99097,1.12909,1.10607,1.34022,1.64911,1.35386
0.94257,0.90451,1.03184,0.95912,1.29014,1.00561,1.13340,1.09267,1.22992,1.47652,1.25758
0.92340,0.91460,1.01203,0.92663,1.26691,1.03387,1.12262,1.07547,1.22601,1.40899,1.17200
0.97692,0.90669,1.00866,0.91108,1.30064,1.02290,1.09605,1.08274,1.22959,1.43887,1.18586
1.08466,0.94540,1.01811,0.90152,1.37959,1.03914,1.14354,1.12978,1.33630,1.47465,1.20475
1.03850,1.00941,1.02723,0.90063,1.18522,1.03356,1.13412,1.14542,1.36374,1.28015,1.13654
0.99953,1.03391,1.03824,0.92627,1.12215,1.08006,1.14999,1.17544,1.41903,1.26406,1.11713
1.18727,1.03257,1.09662,0.91992,1.24216,1.12459,1.10672,1.26102,1.40651,1.38490,1.07508
1.21136,1.04433,1.03811,0.92700,1.26643,1.10562,1.05827,1.25277,1.31171,1.33549,1.06739
1.08017,1.07151,0.97191,0.92338,1.09948,1.05454,1.04925,1.19034,1.22660,1.20273,1.05457
1.08431,1.11173,0.91253,0.93463,1.13535,1.03971,1.06807,1.15236,1.20209,1.10753,1.04947
1.10796,1.17899,0.90234,0.95365,1.12705,1.07104,1.11774,1.12394,1.26414,1.15547,1.08619
1.11126,1.26250,0.99793,0.98257,0.98561,1.10345,1.15055,1.14978,1.29956,1.19846,1.04405
1.19697,1.37604,1.08913,0.99442,1.09552,1.14473,1.22177,1.21484,1.40174,1.25223,1.14224
1.21444,1.34969,1.06694,0.97990,1.15478,1.07957,1.18748,1.16000,1.34220,1.19745,1.19183
1.18965,1.40932,1.05412,0.98786,1.18111,1.08491,1.17263,1.14376,1.33644,1.14548,1.20860
1.11702,1.41066,1.07508,1.00502,1.05295,1.09698,1.15781,1.14201,1.34870,1.12727,1.17310
1.17426,1.36020,1.12819,1.00845,1.11745,1.10439,1.14520,1.14761,1.39751,1.16469,1.24813
1.20916,1.32592,1.09354,0.97726,1.11407,1.04206,1.10055,1.08309,1.24636,1.18145,1.27374
1.20663,1.39500,1.15706,1.03060,1.14048,1.05847,1.19067,1.07854,1.26965,1.19739,1.38677
1.22156,1.43399,1.27672,1.01899,1.20758,1.08527,1.24588,1.12910,1.25454,1.34564,1.40226
1.45533,1.39434,1.32585,1.02119,1.32594,1.18801,1.22599,1.20074,1.21704,1.53571,1.28174
1.52001,1.37843,1.38756,1.01152,1.28532,1.16339,1.18496,1.26509,1.11931,1.68423,1.23358
1.39971,1.26469,1.37603,0.98659,1.17534,1.07010,1.12269,1.24827,1.01942,1.48797,1.18688
1.53427,1.24369,1.34408,0.97800,1.36931,1.05018,1.12195,1.25409,1.02250,1.45459,1.21513
1.61614,1.21455,1.29556,1.00089,1.38805,1.05485,1.15336,1.23325,1.04484,1.53123,1.20552
1.48806,1.11068,1.13486,0.99936,1.24763,0.97887,1.16587,1.17208,0.95975,1.42143,1.18797
1.55343,1.08337,1.15250,1.01492,1.25167,0.97169,1.18042,1.17110,0.91403,1.48249,1.18682
1.52510,0.98740,1.03907,0.95843,1.26848,0.88827,1.10273,1.07749,0.80170,1.28275,1.14507
1.48158,0.95022,1.00590,0.93951,1.21466,0.89028,1.04905,1.06435,0.77717,1.14833,1.03832
1.40049,0.94166,1.00351,0.96083,1.23343,0.87182,1.02016,1.07195,0.84719,1.16298,0.98748
1.44585,0.93967,1.00585,0.95056,1.23588,0.88526,0.97643,1.07929,0.91210,1.23864,0.97430
1.45052,0.95335,0.94322,0.93179,1.24296,0.86457,0.95494,1.04423,0.95800,1.24495,0.98525
1.39754,0.90150,0.89728,0.91242,1.19580,0.79805,0.94615,0.97193,0.94422,1.17045,1.04849
1.23297,0.82999,0.83032,0.88650,1.04980,0.76656,0.96231,0.88338,0.93254,1.03318,1.02369
1.17367,0.86523,0.93252,0.93816,1.03560,0.82961,1.01558,0.94013,1.02233,1.12133,0.99876
0.93772,0.82685,0.88455,0.92815,0.89201,0.83340,0.93793,0.85831,0.96651,0.91907,0.93864
0.57158,0.67397,0.66857,0.78599,0.68474,0.67643,0.79257,0.64147,0.70607,0.65971,0.77830
0.51392,0.72483,0.62788,0.74945,0.71609,0.59563,0.76086,0.61762,0.59785,0.61780,0.76220
0.51359,0.74849,0.68075,0.72034,0.67381,0.57053,0.75670,0.60793,0.61856,0.58652,0.73361
0.55676,0.77806,0.73724,0.73706,0.72333,0.52788,0.80223,0.64313,0.62685,0.66700,0.78922
0.52977,0.71890,0.69093,0.69688,0.68366,0.43731,0.81477,0.55220,0.52078,0.72667,0.79015
0.55056,0.71585,0.71488,0.71554,0.62683,0.44605,0.76832,0.49997,0.46135,0.71505,0.73662
0.58664,0.75634,0.79989,0.78478,0.60877,0.55657,0.77877,0.56798,0.51939,0.76099,0.73909
0.60728,0.73376,0.81750,0.81762,0.61701,0.62186,0.80946,0.59998,0.54652,0.73382,0.73879
0.61682,0.77558,0.88769,0.86674,0.64140,0.68187,0.85335,0.64422,0.59164,0.80605,0.77586
0.64778,0.84599,0.98563,0.90697,0.67324,0.72749,0.87635,0.67404,0.62157,0.90317,0.83071
0.75410,0.87695,0.99970,0.88084,0.74529,0.80033,0.87854,0.72786,0.68794,0.93009,0.87001
0.88183,0.93733,1.04925,0.91595,0.81453,0.81596,0.94778,0.82723,0.73872,1.13341,0.91287
1.41580,1.12733,1.50493,1.10548,1.11084,1.05746,1.10878,1.10510,1.01105,1.54032,1.09639
1.74540,1.16239,1.90344,1.19726,1.13290,1.29038,1.20018,1.24151,1.35921,1.75982,1.09202
1.74533,1.18295,1.74277,1.20986,1.14027,1.25415,1.23433,1.25078,1.36240,1.81085,1.17721
1.63230,1.19098,1.81020,1.22515,1.14113,1.52654,1.24725,1.32809,1.46358,1.86253,1.12724
1.54251,1.25318,1.91281,1.32029,1.15096,1.84178,1.25205,1.52276,1.71472,1.75359,1.12999
1.54002,1.34728,2.05928,1.41568,1.24854,2.16600,1.42640,1.83726,2.11342,1.86830,1.28419
1.38014,1.27822,1.69575,1.34752,1.22188,1.68022,1.36653,1.60633,1.77175,1.68932,1.23390
1.17618,1.18050,1.51693,1.24430,1.05220,1.29510,1.22020,1.40003,1.60475,1.55305,1.17698
1.11325,1.18584,1.41962,1.18861,0.99861,1.24796,1.17148,1.31851,1.57075,1.43665,1.11622
1.13144,1.18917,1.32567,1.17956,1.02274,1.27588,1.12195,1.33489,1.59413,1.35410,1.12184
1.06478,1.17564,1.23009,1.17052,0.98817,1.04034,1.07600,1.20897,1.41744,1.24357,1.12107
1.09338,1.17976,1.27923,1.16557,0.97112,1.01610,1.09128,1.18195,1.37070,1.25318,1.14009
1.13886,1.24040,1.31387,1.16108,0.98116,1.01156,1.11641,1.22936,1.39146,1.28461,1.15190
1.13043,1.24898,1.32349,1.13630,1.01713,1.04411,1.07713,1.20761,1.36385,1.28487,1.12928
1.17428,1.19648,1.33995,1.14309,1.09998,1.12297,1.04926,1.24702,1.28108,1.29653,1.04841
1.19681,1.28247,1.32899,1.14844,1.15111,1.14665,1.05103,1.27228,1.33240,1.33137,1.09145
1.25605,1.36278,1.36271,1.15105,1.30079,1.20234,1.07726,1.35121,1.43047,1.42697,1.14276
1.14409,1.28560,1.22549,1.11497,1.28597,1.06191,1.06873,1.22357,1.25910,1.28300,1.11495
1.19112,1.29269,1.18749,1.15154,1.25257,1.00405,1.13040,1.18273,1.22525,1.20789,1.11906
1.40760,1.36812,1.29097,1.23855,1.30988,1.08674,1.26576,1.25957,1.29635,1.28197,1.20831
1.45426,1.31966,1.30071,1.22783,1.32851,1.07832,1.27748,1.26781,1.28334,1.24428,1.19691
1.47121,1.31021,1.42233,1.20692,1.40003,1.08183,1.29119,1.27751,1.31659,1.31659,1.16281
1.22605,1.14599,1.26465,1.14862,1.21588,0.97341,1.15816,1.07572,1.13878,1.25257,1.10027
1.09104,1.08799,1.21518,1.12122,1.14122,0.91179,1.14051,1.00428,1.09516,1.20340,1.11677
0.99573,1.09298,1.18840,1.10885,1.10786,0.92158,1.12047,0.99688,1.06246,1.17148,1.12136
1.02487,1.06802,1.14482,1.11001,1.08873,0.90400,1.15086,1.01506,1.09232,1.13710,1.15302
0.95784,1.06783,1.12320,1.13234,1.04414,0.88447,1.16630,0.98937,1.10434,1.10055,1.17798
1.02477,1.09171,1.17777,1.14233,1.02456,0.90913,1.19656,1.01723,1.12934,1.11936,1.15215
1.06401,1.09208,1.19146,1.14762,0.98567,0.94028,1.20960,1.01100,1.11207,1.19895,1.14837
1.04986,1.12918,1.26282,1.17835,0.98125,1.01530,1.21012,1.02911,1.14429,1.34089,1.15570
0.99489,1.08289,1.24881,1.15447,0.92348,1.02188,1.16881,0.99188,1.13643,1.35606,1.14151
0.98403,1.12476,1.21277,1.11495,0.92323,0.98758,1.11376,0.96472,1.10681,1.26155,1.11459
1.00745,1.21252,1.22833,1.15680,0.92276,1.01232,1.14121,0.99069,1.12473,1.30030,1.16359
1.01531,1.24588,1.16502,1.18810,0.94178,1.02486,1.18597,1.00690,1.14581,1.22660,1.17133
1.19177,1.41199,1.33376,1.24912,1.12702,1.21940,1.30316,1.21958,1.26763,1.38950,1.19637
